0
0
0
0
0
0
0
0
0
0
0
0
0
1.383045e+01
0
0
0
0
0
0
0
0
0
0
0
0
0
0
0
0
0
0
0
0
0
0
0
0
0
0
0
0
0
0
0
0
0
0
0
0
0
0
0
0
0
0
0
0
0
0
0
0
0
0
0
0
0
0
0
1.383197e+01
0
0
0
0
0
1.343990e+01
0
0
0
0
0
0
0
0
0
0
0
0
0
1.349435e+01
1.374469e+01
0
0
0
0
0
0
0
0
0
0
0
0
0
0
0
0
0
0
0
0
0
0
0
0
0
1.447875e+01
0
1.384631e+01
0
1.420520e+01
0
0
0
0
0
0
0
0
0
1.308118e+01
0
0
0
0
0
0
0
0
0
0
0
0
0
0
0
0
0
0
0
1.279238e+01
0
0
0
0
0
0
0
0
0
0
0
0
0
0
0
0
0
0
0
0
0
0
0
0
0
0
0
0
1.470243e+01
0
0
0
0
0
0
0
0
0
0
0
0
1.147823e+01
0
0
0
0
0
0
0
0
0
0
1.438693e+01
0
0
0
0
0
0
0
1.320268e+01
0
0
0
0
0
1.472998e+01
0
0
0
0
0
0
0
0
0
0
0
0
0
0
0
0
0
0
0
0
1.329039e+01
0
1.312563e+01
0
0
0
0
0
0
0
0
0
0
0
1.389061e+01
0
1.337047e+01
0
0
0
0
0
0
0
0
0
0
1.528119e+01
0
0
0
0
0
0
0
0
0
0
0
0
0
0
0
0
0
1.333772e+01
0
1.348302e+01
0
0
0
0
0
0
0
0
0
0
1.403109e+01
0
0
0
0
0
0
0
0
1.408556e+01
1.485621e+01
1.368216e+01
0
0
0
0
0
0
1.308954e+01
0
0
0
0
0
0
0
0
0
0
0
0
0
0
0
0
0
0
0
0
0
0
0
0
0
0
0
0
0
0
1.269404e+01
0
0
0
0
0
0
0
0
0
0
0
0
0
0
0
0
0
0
0
0
1.350944e+01
1.294601e+01
0
0
0
0
0
0
0
1.404975e+01
0
0
0
1.336294e+01
0
0
0
0
0
0
0
0
0
0
0
0
0
1.426206e+01
0
0
0
0
0
0
0
0
0
0
0
0
0
0
0
0
0
0
0
0
0
0
0
0
0
0
0
0
0
0
0
0
0
0
0
0
0
0
0
0
0
0
0
0
0
0
0
0
0
0
0
0
0
0
0
0
0
0
0
0
0
0
0
0
0
0
0
0
0
0
0
0
0
0
0
0
0
0
0
0
0
0
0
0
0
0
0
0
1.329407e+01
0
0
0
0
0
0
0
0
0
0
0
0
0
0
1.380056e+01
0
0
0
0
0
0
0
0
1.385412e+01
0
0
0
0
0
0
0
1.409612e+01
0
0
0
0
0
0
0
0
0
0
0
0
0
0
7.718495e+00
0
0
0
0
0
0
0
0
0
0
0
0
0
0
0
0
0
0
0
0
0
0
0
0
0
0
0
0
0
0
0
0
0
0
0
0
0
0
0
0
0
0
0
0
0
0
0
0
0
0
0
0
0
0
0
0
0
0
0
0
0
0
0
0
0
0
0
0
0
0
0
0
0
0
0
0
0
0
0
0
0
0
0
0
0
0
0
0
0
0
0
0
0
0
0
0
0
0
0
0
0
0
9.412619e+00
0
0
0
0
0
0
0
0
0
0
0
0
0
0
0
0
0
0
0
0
0
0
0
0
0
0
0
0
0
0
0
0
1.331324e+01
0
0
0
0
0
0
0
0
0
0
0
0
0
0
0
0
0
0
0
0
0
0
0
0
0
0
0
0
0
0
0
0
0
0
0
0
0
0
0
0
0
0
0
0
0
0
0
0
0
0
0
0
0
0
0
0
0
0
0
0
0
0
0
0
0
0
0
0
0
0
0
0
0
0
0
0
0
0
0
0
0
0
0
0
0
0
0
0
0
0
0
0
0
0
1.386629e+01
0
0
0
0
0
0
0
0
0
0
0
0
0
0
0
8.667887e+00
0
0
0
0
0
0
0
0
0
0
0
1.382081e+01
0
0
0
0
1.371019e+01
0
0
0
0
0
0
0
0
0
0
0
0
0
0
0
0
0
0
0
0
0
0
0
0
0
0
0
0
0
0
0
0
0
0
0
0
0
0
0
0
0
9.909889e+00
0
0
0
0
0
0
0
0
0
0
0
0
0
0
0
0
0
0
0
0
0
0
0
0
0
0
0
0
0
0
0
0
0
0
0
0
0
0
0
0
0
0
0
0
0
0
0
0
0
0
0
0
0
0
0
0
0
0
0
0
0
0
0
0
0
0
0
0
0
0
0
0
0
0
0
0
0
0
0
0
0
0
0
0
0
0
0
0
0
0
0
0
0
0
0
0
0
0
0
0
0
0
0
0
0
0
0
0
0
0
0
0
0
0
0
0
0
0
0
0
0
0
0
0
0
0
0
0
0
0
0
0
0
0
0
0
0
0
1.262668e+01
0
0
0
0
0
0
0
0
0
0
0
0
0
0
0
0
0
0
0
0
0
0
0
0
0
0
0
0
0
0
0
0
0
0
0
0
0
0
0
0
0
0
0
0
0
0
0
0
0
0
0
0
0
0
0
0
0
0
0
0
0
0
0
0
0
0
0
0
0
0
0
0
0
0
0
0
0
0
0
0
0
0
0
0
0
0
0
0
0
0
0
0
0
0
0
0
0
0
0
0
0
0
0
0
0
0
0
0
0
0
0
0
0
0
0
0
0
0
0
0
0
0
0
0
0
0
0
0
0
0
0
0
0
0
0
0
0
0
0
0
0
0
0
0
0
0
0
0
0
0
0
0
0
0
0
0
0
0
0
0
0
0
0
1.395033e+01
0
0
0
0
0
0
0
0
0
0
0
0
0
0
0
0
0
0
0
0
0
0
0
0
0
0
0
0
0
0
0
0
0
0
0
0
0
0
0
0
0
0
0
0
0
0
0
0
0
0
0
0
0
0
0
0
0
0
0
0
0
0
0
0
0
0
0
0
0
0
0
0
0
0
0
0
0
0
1.100402e+01
0
0
0
0
0
0
0
0
0
0
0
0
0
0
0
0
0
0
0
0
0
0
0
0
0
0
0
0
0
0
0
0
0
0
0
1.381262e+01
0
0
0
0
0
0
0
0
0
0
0
0
0
0
0
0
0
0
0
0
0
0
0
0
0
0
0
0
0
0
0
0
0
0
0
0
0
0
0
0
0
0
0
0
0
0
0
0
0
0
0
0
0
0
0
0
0
0
0
0
0
0
0
0
0
0
0
0
0
0
0
0
0
0
0
0
0
0
0
0
0
0
0
0
0
1.435983e+01
0
0
0
0
0
0
0
0
0
0
0
0
0
0
0
0
0
0
0
0
0
0
0
0
0
0
0
0
0
0
0
0
0
0
0
0
0
0
0
0
0
0
0
0
0
0
0
0
0
1.368050e+01
0
0
0
0
0
0
0
0
0
1.373246e+01
0
0
0
0
0
0
0
0
0
0
0
0
0
0
0
0
0
0
0
0
0
0
0
0
0
0
0
0
0
0
0
0
0
0
0
0
0
0
0
0
0
0
0
0
0
0
0
0
0
0
0
0
0
0
0
0
0
0
0
0
0
0
0
1.330053e+01
0
0
0
0
0
0
0
0
0
0
0
0
0
0
0
0
0
0
0
0
0
0
0
0
0
0
0
0
0
0
0
0
0
0
0
0
0
0
0
0
0
1.350833e+01
0
0
0
0
0
0
0
0
0
0
0
0
1.312670e+01
0
0
0
0
0
0
0
0
0
0
0
0
0
0
0
0
0
0
0
0
0
0
0
0
0
0
0
0
0
0
0
0
0
0
0
0
0
0
0
0
0
0
0
0
0
0
0
0
0
0
0
0
0
0
0
0
0
0
0
0
0
1.405271e+01
0
0
0
0
0
0
0
0
0
0
0
0
0
0
0
0
0
0
0
0
0
0
0
0
0
0
0
0
0
0
0
0
0
0
0
0
0
0
0
0
0
0
0
0
0
0
0
0
0
0
0
0
0
0
0
0
0
0
0
0
0
0
0
0
0
1.291303e+01
0
0
0
0
0
0
0
0
0
0
0
0
0
0
0
0
0
0
0
0
0
0
0
0
0
0
0
0
0
0
0
0
0
0
0
0
0
0
0
0
0
0
1.358422e+01
0
0
0
0
0
0
0
0
0
0
0
0
0
0
0
0
0
0
0
0
0
0
0
0
0
0
0
0
0
0
0
0
0
0
8.515500e+00
0
0
0
0
0
0
0
0
0
0
0
0
0
0
0
0
0
0
0
0
0
0
0
0
0
0
0
0
0
0
0
0
0
0
0
0
0
0
0
0
0
0
0
0
0
0
0
0
1.363728e+01
0
0
0
0
0
0
0
0
0
0
0
0
0
0
0
0
0
0
0
0
0
0
0
0
0
0
0
0
0
0
0
0
0
0
0
0
0
0
0
0
0
0
0
0
0
0
0
0
0
0
0
0
0
0
0
0
0
0
0
1.329974e+01
0
0
0
0
0
0
0
0
0
0
0
0
0
0
0
0
0
0
0
0
0
0
0
0
0
0
0
0
0
0
0
0
0
0
0
0
0
0
0
0
0
0
0
0
0
0
0
0
0
0
0
0
0
0
0
0
0
0
0
0
0
0
0
0
0
0
0
0
0
0
0
0
0
0
0
0
0
0
0
0
0
0
0
0
0
0
0
0
0
0
0
0
0
1.275410e+01
0
0
0
0
0
0
0
0
0
0
0
0
0
0
0
0
0
0
0
0
0
0
0
0
0
0
0
0
0
1.309688e+01
0
0
0
0
0
0
0
0
0
0
0
0
0
0
0
0
0
0
0
0
0
0
0
0
0
0
0
0
0
0
0
0
0
0
0
0
0
0
0
0
0
0
0
0
0
0
0
0
0
0
0
0
0
0
0
0
0
0
0
0
0
0
0
0
0
0
0
0
0
0
0
0
0
0
0
0
0
0
0
0
0
0
0
0
0
0
0
0
0
0
0
0
0
0
0
0
0
0
0
0
0
0
0
0
0
0
0
0
0
0
0
0
0
0
0
0
0
0
0
0
0
0
0
0
0
0
0
0
0
0
0
0
0
0
0
0
0
0
0
0
0
0
0
0
0
0
0
0
0
0
0
0
0
0
0
0
0
0
0
0
0
0
0
0
0
0
0
0
0
0
0
0
0
0
0
0
0
0
0
0
0
0
0
0
0
0
0
0
0
0
0
0
0
0
0
0
0
0
0
0
0
0
0
0
0
0
0
0
0
0
0
0
0
0
0
0
0
0
0
0
0
0
0
0
0
0
0
0
0
0
0
0
0
0
8.789527e+00
0
0
0
0
0
0
0
0
0
0
0
0
0
0
0
0
0
0
0
0
0
0
0
0
0
0
0
0
0
1.102612e+01
0
0
0
0
0
0
0
0
0
0
0
0
0
0
0
0
0
0
0
0
0
0
0
0
0
0
0
0
0
0
0
0
0
0
0
0
0
0
0
0
0
0
0
0
0
0
0
0
1.300710e+01
0
0
0
0
0
0
0
0
0
0
0
0
0
0
0
0
0
0
0
0
0
1.337961e+01
0
0
0
0
0
0
0
0
0
0
0
0
0
0
0
0
0
0
0
0
0
0
0
0
0
0
0
0
0
0
0
0
0
0
0
0
0
0
0
0
0
0
0
0
0
0
0
0
0
0
0
0
0
0
0
0
0
0
0
0
0
0
0
0
0
0
0
0
0
0
0
0
0
0
0
0
0
0
0
0
0
0
0
0
0
0
0
0
0
0
0
0
0
0
0
0
0
0
0
0
0
0
0
0
0
0
0
0
0
0
0
0
0
0
0
0
0
0
0
0
0
0
0
0
0
0
0
0
0
0
0
0
0
0
0
0
0
0
0
0
0
0
0
0
0
0
0
0
0
0
0
0
0
0
0
0
0
0
0
0
0
0
0
0
0
0
0
0
0
0
0
0
0
0
0
0
0
0
0
0
0
0
9.190287e+00
0
0
0
0
0
0
0
0
0
0
0
0
0
0
0
0
0
0
0
0
0
0
0
0
0
0
0
0
0
0
0
0
1.143422e+01
0
0
0
0
0
0
0
0
0
0
0
0
0
0
0
0
0
0
0
0
0
0
0
0
0
0
0
0
0
0
0
0
0
0
0
0
0
0
0
0
0
0
0
0
0
0
0
0
0
0
0
0
0
0
0
0
0
0
0
0
0
0
0
0
0
0
0
0
0
0
0
0
0
0
0
0
0
0
0
0
0
0
0
0
0
0
0
0
0
0
0
0
0
0
0
0
0
0
0
0
0
0
0
0
0
0
0
0
0
0
0
0
0
0
0
0
0
0
0
0
0
0
0
0
0
0
0
0
0
0
0
0
0
0
0
0
0
0
0
0
0
0
0
0
0
0
0
0
0
0
0
0
0
0
0
0
0
0
0
1.369908e+01
0
0
0
0
0
0
0
0
0
0
0
0
0
0
0
0
0
0
0
0
0
0
0
0
0
0
0
0
0
0
0
0
0
0
0
0
0
0
0
0
0
0
0
0
0
0
0
0
0
0
0
0
0
0
0
0
0
0
0
1.285546e+01
0
0
0
0
0
0
0
0
0
0
0
0
0
0
0
0
0
0
0
0
0
0
0
0
0
0
0
0
0
0
0
0
0
0
0
0
0
0
0
0
0
0
0
0
0
0
0
0
0
0
0
0
0
0
0
0
0
0
0
0
0
0
0
0
0
0
0
0
0
0
0
0
0
0
0
0
0
0
0
0
0
0
0
0
0
0
0
0
0
0
0
0
0
0
0
0
0
0
0
1.339908e+01
0
0
0
0
0
0
0
0
0
0
0
0
0
0
0
0
0
0
0
0
0
0
0
0
0
0
0
0
0
0
0
0
0
0
0
0
0
0
0
0
0
0
0
0
0
0
0
0
0
0
0
0
0
0
0
0
0
0
0
0
0
0
0
0
0
0
0
0
0
0
0
0
0
0
0
0
0
0
0
0
0
0
0
0
0
0
0
0
0
0
0
0
0
0
0
0
0
0
0
0
0
0
0
0
0
0
0
0
0
0
0
0
0
0
0
0
0
0
0
0
0
0
0
0
0
0
0
0
0
0
0
0
0
0
0
0
0
0
0
0
0
0
0
0
0
0
0
0
0
0
0
0
0
0
0
0
0
0
0
0
0
0
0
0
0
0
0
0
0
0
0
0
0
0
0
0
0
0
0
0
0
8.595716e+00
0
0
0
0
0
0
0
0
0
0
0
0
0
0
0
0
0
0
0
0
0
0
0
0
0
0
0
0
0
0
0
0
0
0
1.093611e+01
0
0
8.297411e+00
0
0
0
0
0
0
0
1.348646e+01
0
0
0
0
0
0
0
0
0
0
0
0
0
1.282258e+01
0
0
0
0
0
0
0
0
0
0
0
0
0
0
0
0
0
0
0
0
0
0
0
1.348618e+01
0
0
0
0
0
0
0
0
0
0
0
0
0
0
0
0
0
0
0
0
0
0
0
0
0
0
0
0
0
0
0
0
0
0
0
0
0
0
0
0
0
0
0
0
1.182027e+01
0
0
0
0
0
0
0
0
0
0
0
0
0
0
0
0
0
0
0
0
0
0
0
0
0
0
0
0
0
0
0
0
0
0
0
0
0
0
0
0
0
0
0
0
0
0
0
0
0
0
0
0
0
0
0
0
0
0
0
0
0
0
0
0
0
0
0
0
0
0
0
0
0
0
0
0
0
0
0
0
0
0
0
0
0
0
0
0
0
0
0
0
0
0
0
0
0
0
0
0
0
0
1.460589e+01
0
0
0
0
0
0
1.273270e+01
0
0
0
0
0
0
0
0
0
0
0
0
0
0
0
0
0
0
0
0
0
0
0
0
0
0
0
0
0
0
0
0
0
0
0
0
0
0
0
0
0
0
0
0
0
0
0
0
0
0
0
0
0
0
0
0
0
0
0
0
0
0
0
0
0
0
0
0
0
0
0
0
0
0
0
0
0
0
0
0
0
0
0
0
0
0
0
0
0
0
0
0
0
0
0
0
0
0
0
0
0
0
0
0
0
0
0
0
0
0
0
0
0
0
0
0
0
0
0
0
0
0
0
0
0
0
0
0
0
0
0
0
0
0
0
0
0
0
0
0
0
0
0
0
0
0
0
0
0
0
0
0
0
0
0
0
0
0
0
0
0
0
0
0
0
1.357837e+01
0
0
0
0
0
0
0
0
0
0
0
0
0
0
0
0
0
0
0
0
0
0
0
0
0
0
0
0
0
0
0
0
0
0
0
0
0
0
0
0
0
0
0
0
0
0
0
0
0
0
0
0
0
0
0
0
0
0
0
0
0
0
0
0
0
0
0
0
0
0
0
0
0
0
0
0
0
0
0
0
0
0
0
0
0
0
0
0
0
0
0
0
0
0
0
0
0
0
0
0
0
0
0
0
0
0
0
0
0
0
0
0
0
0
0
0
0
0
0
0
0
0
0
0
0
0
0
0
0
0
0
0
0
0
0
0
0
0
0
0
0
0
0
0
0
0
0
0
0
0
0
0
0
0
0
0
0
0
0
0
0
0
0
1.345712e+01
0
0
0
0
0
0
0
0
0
0
0
0
0
0
0
0
0
0
0
0
0
0
0
0
0
0
0
0
0
0
0
0
0
0
0
0
0
0
0
0
0
0
0
0
0
0
0
0
0
0
0
0
0
0
0
0
0
0
0
0
0
0
0
0
0
0
0
0
0
0
0
0
0
0
0
0
0
0
0
0
0
0
0
1.310927e+01
0
0
0
0
0
0
0
0
0
0
1.351044e+01
0
0
0
0
0
0
0
0
0
0
0
0
0
0
0
0
0
0
0
0
0
0
0
0
0
0
0
0
0
0
0
0
0
0
0
0
0
0
0
0
0
0
0
0
0
0
0
0
0
0
0
0
0
0
0
0
0
0
0
0
0
0
0
0
0
0
0
0
0
0
0
0
0
0
0
0
0
0
0
0
0
0
0
0
0
0
0
0
0
0
0
0
0
0
0
0
0
0
0
0
0
0
0
0
0
0
0
0
0
0
0
0
0
0
0
0
0
0
0
0
0
0
0
0
0
0
0
0
0
0
0
0
0
1.334575e+01
0
0
0
0
0
0
0
0
0
0
0
0
0
0
0
0
0
0
0
0
0
0
0
0
0
0
0
0
0
0
0
0
0
0
0
0
0
0
0
0
0
0
0
0
0
0
0
0
0
0
0
0
0
0
0
0
0
0
0
0
0
0
0
0
0
0
0
0
0
0
0
0
0
0
0
0
0
0
0
0
0
0
0
0
0
0
0
0
0
0
0
0
0
0
0
0
0
0
0
0
0
0
0
0
0
0
0
0
0
0
0
0
0
0
0
0
0
0
0
0
8.557923e+00
0
1.187121e+01
0
0
0
0
0
0
0
0
0
0
0
0
0
0
0
0
0
0
0
0
0
0
0
0
1.301885e+01
0
0
0
0
0
0
1.003438e+01
0
0
0
0
1.108579e+01
0
0
0
0
0
0
0
1.001086e+01
0
0
9.833873e+00
0
0
0
0
0
0
0
0
0
0
0
0
0
0
0
0
0
0
0
0
1.405081e+01
8.782765e+00
1.346769e+01
0
0
0
0
0
0
0
0
0
0
0
0
0
0
0
0
1.378888e+01
0
0
0
0
0
0
1.245097e+01
0
0
0
0
0
1.223027e+01
0
0
0
0
1.001836e+01
0
0
0
0
0
0
0
0
0
0
1.186740e+01
0
0
0
0
0
0
0
0
1.053088e+01
0
0
0
1.356634e+01
0
0
0
0
0
0
0
0
1.061466e+01
8.551139e+00
0
0
0
0
0
0
0
0
0
1.380804e+01
0
0
1.297658e+01
0
0
0
0
0
0
0
1.267918e+01
8.191992e+00
0
0
1.170164e+01
0
0
0
0
0
0
1.182412e+01
0
0
0
0
0
0
0
0
0
0
1.417009e+01
0
1.172366e+01
0
0
0
0
0
0
8.425746e+00
0
0
0
0
1.306735e+01
0
0
0
0
0
0
0
1.064668e+01
0
0
0
1.434282e+01
0
0
0
0
1.268644e+01
0
0
0
0
0
0
0
1.329972e+01
8.890642e+00
0
0
0
0
0
0
0
0
0
1.284109e+01
0
0
0
0
0
0
0
0
1.363190e+01
0
0
1.044407e+01
0
0
0
0
0
0
0
0
0
0
0
0
1.435491e+01
0
0
1.089647e+01
0
0
0
0
0
0
0
0
0
0
1.412613e+01
0
0
0
0
1.344347e+01
0
0
0
0
0
0
0
8.481851e+00
0
0
0
0
0
0
0
0
0
0
0
1.354428e+01
0
0
0
0
0
0
0
0
0
0
0
0
0
0
0
0
0
1.049020e+01
0
0
0
0
0
0
0
1.094269e+01
0
0
0
0
0
9.768928e+00
0
9.196981e+00
8.524507e+00
0
1.299763e+01
0
1.088463e+01
0
0
0
0
0
9.672082e+00
0
0
0
0
0
0
0
0
0
0
0
0
0
1.191494e+01
1.077538e+01
0
1.352896e+01
0
0
0
0
0
0
0
0
0
0
1.389283e+01
0
0
0
0
0
0
0
0
1.323696e+01
0
0
0
0
1.049230e+01
0
0
0
0
0
0
1.364048e+01
0
0
0
0
0
0
0
0
0
0
0
0
0
0
0
0
0
0
0
0
0
0
0
0
0
0
0
0
0
0
0
0
0
0
1.244753e+01
1.102677e+01
0
0
0
0
0
0
0
0
0
0
0
1.341793e+01
0
0
1.411301e+01
0
0
0
0
0
0
0
0
0
1.344366e+01
0
0
1.157033e+01
0
0
0
0
0
0
0
0
0
0
0
0
0
1.412055e+01
0
0
9.048917e+00
0
0
0
0
0
0
0
0
0
0
0
0
0
0
0
0
0
0
0
0
0
0
0
1.072678e+01
1.445290e+01
0
0
0
0
0
0
0
0
0
0
0
0
0
0
0
0
0
0
0
1.363886e+01
0
0
9.645418e+00
0
0
0
0
0
0
0
0
0
0
0
0
0
0
0
0
0
0
0
0
1.321572e+01
0
0
0
0
0
0
0
0
0
0
0
0
0
0
0
0
0
0
0
0
0
0
0
0
0
1.367874e+01
0
9.446794e+00
0
0
0
0
0
0
0
0
8.306292e+00
0
0
0
0
1.008954e+01
0
0
0
0
0
0
0
0
0
0
0
0
0
0
0
1.357328e+01
0
0
0
1.304713e+01
0
9.829171e+00
0
1.408838e+01
0
0
0
0
0
0
0
0
0
0
0
0
0
0
0
0
0
1.307224e+01
0
0
0
0
9.943353e+00
0
0
0
0
0
1.405598e+01
1.341873e+01
0
8.125295e+00
1.312394e+01
0
0
0
0
0
0
0
0
0
0
0
0
0
0
0
0
0
9.257910e+00
0
0
0
0
0
0
0
0
0
0
0
0
0
0
0
1.381560e+01
0
0
0
0
0
0
0
0
8.719725e+00
0
9.608647e+00
0
0
0
0
0
1.438045e+01
0
0
0
0
0
0
0
0
0
0
0
0
0
0
0
0
0
0
0
0
0
0
1.371717e+01
0
0
0
0
0
0
0
0
0
0
0
0
0
0
0
1.290205e+01
0
1.231223e+01
0
1.255292e+01
0
0
0
0
8.841636e+00
0
0
0
0
0
0
0
0
0
0
0
0
1.015341e+01
0
0
0
0
0
0
0
0
0
1.323759e+01
0
0
0
0
0
0
0
0
0
0
0
0
0
0
0
0
0
0
0
0
0
8.422556e+00
0
0
0
0
0
0
0
0
0
0
0
0
0
0
0
0
0
0
1.301967e+01
0
0
0
0
0
0
0
0
0
0
0
0
0
0
1.342175e+01
0
0
0
0
0
1.133211e+01
0
0
0
0
0
0
0
0
0
0
0
0
0
0
0
0
9.578767e+00
1.099408e+01
0
0
0
0
0
0
0
0
0
0
1.422094e+01
0
0
0
0
0
0
0
1.348221e+01
1.306032e+01
0
0
0
0
0
0
0
0
0
0
1.003963e+01
0
0
9.462925e+00
1.072229e+01
0
0
0
0
0
8.438113e+00
0
0
0
0
0
0
0
0
0
0
0
0
1.015496e+01
0
0
0
0
0
0
1.368638e+01
0
0
0
0
0
0
0
0
0
1.048461e+01
0
0
0
1.330206e+01
1.355419e+01
0
0
0
0
0
8.344163e+00
0
9.457044e+00
0
0
0
1.291668e+01
0
0
0
0
0
0
0
0
0
0
0
0
0
0
1.141763e+01
0
0
1.098866e+01
0
0
0
0
9.227474e+00
0
0
0
0
1.370942e+01
0
0
0
0
0
0
0
0
0
0
0
0
0
0
0
0
0
0
0
0
0
0
1.120864e+01
0
0
0
0
8.525020e+00
0
0
0
1.366561e+01
0
0
1.055984e+01
0
1.196584e+01
0
0
0
0
0
0
0
0
0
0
0
0
0
0
0
0
0
0
0
0
8.678828e+00
0
0
0
0
0
0
0
0
0
0
0
0
0
0
0
0
0
0
0
0
0
0
0
0
0
0
0
0
0
0
1.321112e+01
0
0
0
0
0
0
0
0
0
0
0
0
0
0
0
0
0
0
0
1.064478e+01
0
0
0
0
0
0
0
0
0
0
0
1.226147e+01
0
0
0
0
1.280982e+01
9.776625e+00
0
0
0
0
0
0
0
0
0
0
0
0
0
0
0
1.000529e+01
0
0
0
0
9.709805e+00
0
0
0
0
0
0
9.374310e+00
0
0
0
0
0
1.393963e+01
0
0
0
0
0
0
0
0
0
0
0
0
0
0
0
0
0
0
0
0
0
1.371125e+01
0
0
0
0
1.202281e+01
0
0
0
0
0
0
0
0
0
0
0
0
1.333945e+01
1.324002e+01
0
0
0
0
1.061782e+01
1.361687e+01
0
0
0
1.056536e+01
0
0
1.366320e+01
0
0
0
0
0
1.049592e+01
0
0
0
0
0
0
0
0
0
1.074224e+01
0
0
0
0
0
9.532430e+00
0
1.141685e+01
0
0
0
0
1.354726e+01
0
0
1.553893e+01
1.375978e+01
0
0
0
0
0
0
0
0
0
0
0
0
0
0
0
0
0
0
0
0
0
0
0
0
9.979280e+00
1.360798e+01
1.101748e+01
0
0
0
0
0
0
0
0
0
0
0
0
0
0
0
0
0
0
0
0
0
0
0
0
0
0
0
0
0
0
0
0
0
0
0
0
0
0
0
0
0
0
0
1.142427e+01
0
0
0
0
1.185197e+01
0
0
0
0
0
0
1.390321e+01
0
0
0
0
0
0
0
0
0
0
0
0
0
0
0
0
0
0
0
0
0
0
1.379983e+01
0
0
0
0
0
0
0
0
0
1.123875e+01
0
0
0
0
0
0
0
0
0
0
0
0
0
0
0
1.393245e+01
0
0
1.213328e+01
0
0
0
0
0
0
0
0
0
0
0
0
0
0
0
0
0
0
0
0
0
0
0
1.202380e+01
0
0
0
0
0
0
0
0
0
1.093521e+01
0
0
0
0
0
0
0
0
0
0
0
0
0
0
0
0
0
0
0
0
0
0
0
0
0
9.738919e+00
0
0
0
0
0
0
0
0
0
0
0
1.080425e+01
0
0
0
0
0
0
0
0
0
1.371709e+01
0
0
0
0
0
0
8.832208e+00
0
0
0
0
1.315588e+01
0
0
0
8.473590e+00
0
0
0
9.501563e+00
0
9.768685e+00
0
0
0
0
1.447903e+01
0
0
0
0
0
0
0
1.207305e+01
0
0
0
0
0
0
0
1.419877e+01
0
0
0
0
0
0
0
0
0
0
0
0
0
0
0
0
0
0
0
0
0
0
0
0
0
0
0
0
0
0
0
0
1.150305e+01
0
0
0
0
0
0
0
0
0
9.927253e+00
1.104754e+01
0
0
0
1.003311e+01
0
0
0
0
0
0
1.346490e+01
0
0
0
0
0
0
0
0
0
1.411621e+01
0
0
1.022405e+01
0
0
1.291532e+01
0
0
0
0
0
0
0
0
0
0
0
0
0
0
0
0
0
0
1.332350e+01
0
0
0
0
9.723371e+00
0
0
0
0
8.526281e+00
0
0
0
0
0
0
9.448984e+00
0
0
0
0
0
0
0
0
0
0
0
0
0
9.884533e+00
0
0
0
0
0
0
0
0
0
0
0
0
0
0
0
0
0
0
9.552195e+00
0
0
0
0
0
0
0
0
9.684883e+00
0
0
0
0
0
8.462297e+00
0
0
0
0
1.189403e+01
0
0
0
0
0
0
0
0
0
0
0
0
0
0
0
0
0
0
0
0
0
0
0
0
0
0
0
0
0
0
0
0
9.691210e+00
0
0
0
0
0
0
0
0
0
0
0
1.032729e+01
0
0
0
0
7.964203e+00
0
0
0
0
0
8.057496e+00
0
0
0
0
0
0
0
0
0
1.014467e+01
0
0
1.202817e+01
0
0
0
0
0
0
0
0
0
0
0
0
0
8.924549e+00
0
0
0
0
0
0
0
1.086225e+01
0
0
8.520048e+00
0
0
0
0
0
1.235930e+01
0
0
0
0
0
0
1.197057e+01
0
0
0
0
1.289179e+01
0
0
0
0
0
0
0
9.454553e+00
0
0
0
0
0
1.091663e+01
0
0
1.049615e+01
0
0
0
0
0
0
0
0
1.342724e+01
0
0
0
0
0
0
0
8.420544e+00
0
0
0
0
1.100807e+01
0
0
0
0
0
1.303571e+01
0
1.250529e+01
0
0
0
0
0
0
0
0
0
0
0
0
1.148439e+01
0
0
0
0
1.181393e+01
1.183978e+01
0
0
0
0
0
0
0
0
1.160500e+01
0
0
0
0
0
0
0
0
0
0
0
0
0
0
0
0
0
1.184932e+01
0
0
0
0
0
0
0
0
0
0
0
0
0
8.817775e+00
0
0
0
1.354823e+01
0
0
0
0
0
0
0
0
0
0
1.030966e+01
0
0
0
0
0
0
1.470664e+01
0
0
0
0
0
9.038918e+00
0
1.409539e+01
0
0
0
0
0
8.805559e+00
0
0
0
0
0
0
0
1.082860e+01
0
0
0
9.550533e+00
0
0
0
0
0
0
0
0
8.571035e+00
0
0
0
0
0
0
0
0
8.971718e+00
0
0
0
8.490080e+00
0
0
0
0
0
0
0
0
0
0
0
0
0
8.402739e+00
0
0
0
0
0
0
0
0
0
0
0
0
0
0
1.241108e+01
0
0
0
0
0
0
0
0
0
0
1.033136e+01
0
0
0
0
0
0
0
0
9.448353e+00
0
0
0
0
0
0
0
0
0
0
0
0
0
0
0
0
0
0
0
0
0
0
0
0
0
0
0
0
0
0
0
0
0
0
0
0
0
0
0
0
0
0
0
0
0
0
0
0
0
0
0
0
9.359625e+00
0
0
0
0
0
0
0
0
0
0
0
0
0
0
0
0
1.242628e+01
0
0
0
0
0
0
9.506807e+00
0
0
0
0
0
0
1.077757e+01
0
1.061791e+01
0
0
1.051868e+01
1.298452e+01
0
0
0
0
0
0
0
0
0
0
0
0
0
0
0
0
0
0
0
0
0
9.735129e+00
0
0
0
0
0
0
0
0
0
0
1.182143e+01
0
0
0
0
7.889617e+00
0
0
0
0
9.414370e+00
0
0
0
0
0
0
0
0
0
0
0
0
0
0
0
0
0
0
0
0
0
0
0
0
0
0
0
0
0
0
0
0
0
1.139982e+01
0
0
0
0
0
0
0
0
0
0
0
0
9.000081e+00
0
0
0
0
0
0
0
0
0
0
0
0
0
0
0
0
0
0
0
0
0
0
0
0
0
0
0
0
0
0
0
0
0
0
0
0
0
0
0
0
0
1.136083e+01
0
0
0
0
0
0
0
0
1.009117e+01
0
0
0
0
0
0
0
0
0
0
0
0
0
0
0
0
0
0
0
0
0
0
0
0
0
0
0
0
0
1.099097e+01
0
0
0
0
1.313654e+01
0
1.141189e+01
0
0
0
0
0
0
0
0
0
0
0
0
1.115018e+01
0
0
0
8.879042e+00
0
0
0
0
0
0
0
0
0
0
0
1.406130e+01
0
0
0
0
0
0
0
0
0
0
0
0
0
0
0
0
0
0
0
0
9.262044e+00
0
0
0
0
0
0
0
1.195858e+01
1.180973e+01
0
0
0
8.462297e+00
0
0
0
0
1.013939e+01
0
0
0
0
0
0
0
0
9.426895e+00
0
0
0
0
0
0
0
0
0
0
0
0
0
0
0
0
8.224208e+00
0
0
0
0
0
0
0
0
1.079488e+01
0
0
0
0
0
0
0
0
0
0
1.170027e+01
0
1.037903e+01
8.031759e+00
9.155744e+00
0
0
0
0
0
9.457229e+00
0
0
0
0
0
0
0
0
0
0
1.072621e+01
0
1.147204e+01
0
0
7.971372e+00
0
0
0
8.546912e+00
1.058843e+01
0
9.915425e+00
9.156204e+00
9.929240e+00
9.208891e+00
0
0
0
0
9.920273e+00
0
1.433547e+01
1.079604e+01
0
0
9.999852e+00
0
0
0
0
0
0
9.871903e+00
0
0
0
9.755433e+00
0
1.008289e+01
0
0
0
1.477958e+01
0
0
1.173979e+01
0
0
6.180300e+02
0
0
0
0
0
1.134672e+01
8.762044e+00
0
0
1.225201e+01
0
8.866180e+00
0
0
0
8.497548e+00
0
1.367438e+01
0
0
0
0
0
3.100630e+00
0
0
0
8.967465e+00
0
0
0
0
4.551665e+00
0
0
0
0
1.286587e+01
0
0
0
1.049612e+01
0
0
0
0
0
1.361307e+01
0
9.760095e+00
0
8.431293e+00
0
0
0
0
9.576474e+00
0
0
0
0
9.698847e+00
0
0
9.565966e+00
0
0
0
0
0
1.021475e+01
0
1.289444e+01
0
0
0
9.829815e+00
0
0
0
0
0
0
0
0
1.403865e+01
0
0
0
0
0
0
0
0
0
1.190383e+01
0
0
0
0
0
9.605658e+00
0
0
0
0
0
0
0
1.405705e+01
0
0
0
0
0
0
0
8.014802e+00
0
0
0
0
0
0
0
0
0
8.906565e+00
1.766863e+02
0
0
0
0
0
0
0
0
0
0
0
0
0
0
0
2.326517e+01
0
0
0
0
0
0
0
1.037242e+01
0
1.233486e+01
0
0
0
0
0
0
0
0
0
1.333125e+01
0
0
0
0
1.287526e+01
0
0
8.983859e+00
0
0
0
0
0
0
0
0
0
0
1.219031e+01
1.425406e+02
1.128438e+01
0
0
0
2.873208e+00
0
9.674294e+00
0
5.229870e+01
0
0
0
0
0
0
0
8.385607e+00
0
0
9.809076e+00
0
0
1.097130e+01
0
1.256024e+01
8.049852e+00
0
1.301747e+01
0
0
7.732211e+00
0
0
0
0
0
1.042099e+01
0
0
0
0
0
0
0
0
0
0
1.015057e+01
0
0
0
8.166185e+00
0
0
0
0
0
0
0
0
1.930757e+00
0
0
0
0
1.188119e+01
0
0
0
0
0
0
0
0
0
0
9.452191e+00
0
0
0
0
0
0
0
0
1.923777e+01
0
0
0
0
1.315192e+01
0
1.708056e+00
0
0
9.972162e+00
0
0
0
0
0
0
0
0
0
8.529933e+00
0
1.018471e+01
0
0
0
0
1.209066e+01
0
0
0
0
0
0
0
8.746496e+00
0
0
1.206025e+01
1.052309e+01
0
0
0
0
8.319270e+00
1.274637e+01
0
0
1.115646e+01
0
0
0
0
0
9.780096e+00
1.314964e+00
0
0
0
1.817688e+01
0
0
0
9.910949e+00
0
0
0
0
0
0
0
2.952878e-01
0
1.041334e+01
0
1.289672e+01
0
0
0
1.115236e+01
1.305909e+01
0
0
0
0
0
0
0
1.270580e+01
9.808918e+00
0
0
0
9.595534e+00
0
0
0
0
0
9.960710e+00
0
0
0
0
0
8.567759e+00
0
0
0
0
0
0
0
0
1.065625e+01
0
1.034560e+01
5.737009e-01
0
0
0
1.035780e+01
0
0
0
0
0
0
0
0
0
0
1.075252e+01
1.273254e+01
9.715435e+00
0
0
1.233331e+01
0
1.021994e+01
0
0
0
0
0
0
5.579344e+01
0
0
0
0
0
8.882902e+00
0
0
0
0
0
1.394214e+01
0
0
0
1.291901e+01
0
0
0
0
0
1.248615e+01
0
1.478755e+03
0
0
0
0
0
0
0
9.223057e+00
0
0
0
0
0
0
8.769821e+00
0
0
9.654876e+00
2.802801e+01
0
0
0
0
1.082426e+01
0
0
0
1.155706e+01
0
1.075539e+01
0
0
0
0
0
0
1.388101e+01
0
0
0
0
2.227374e-01
1.105826e+01
0
1.113228e+01
8.199941e+00
0
2.602063e+00
0
0
0
0
0
1.091594e+01
0
0
1.216098e+01
0
0
0
0
0
0
8.526580e+00
8.548396e+00
0
0
0
1.354428e+01
1.406620e+01
0
0
9.458942e+00
0
0
0
0
0
0
0
0
0
0
0
0
0
1.311285e+01
0
0
1.256267e+01
0
0
0
0
0
0
0
0
1.028305e+01
1.375517e+01
0
0
0
1.187938e+01
1.253308e+01
0
0
0
0
0
0
0
0
0
0
0
0
0
0
9.415554e+00
7.675788e+00
1.168361e+01
0
0
0
9.468788e+00
1.007766e+01
0
9.885065e+00
1.011352e+01
0
0
0
1.105336e+01
1.025339e+01
9.787211e+00
0
0
0
1.064270e+01
0
0
0
0
0
1.006475e+01
0
0
0
1.221873e+01
0
1.308464e+01
0
1.087914e+01
0
1.019926e+01
0
0
0
0
0
0
9.539021e+00
3.254695e+00
1.118187e+01
0
0
0
1.149726e-01
0
0
1.077566e+01
0
0
0
0
1.248491e+01
0
0
9.599724e+00
0
1.015719e+01
1.032280e+01
0
0
0
0
0
0
1.012463e+01
1.232386e+01
0
0
0
1.572788e+01
0
0
0
0
0
1.190260e+01
0
0
1.125919e+01
0
0
0
0
0
0
1.172303e+01
5.226752e+00
0
0
0
0
0
0
0
9.889698e+00
0
0
0
0
1.306222e+01
8.100957e+00
0
0
0
0
0
0
1.152389e+01
0
0
0
0
0
0
0
9.484393e+00
0
0
0
0
0
0
0
9.442077e+00
0
9.875498e+00
0
1.037967e+01
1.259775e+01
3.135529e+04
9.523298e+00
0
0
0
0
0
0
0
0
0
2.302995e+01
2.652868e+00
0
0
1.283693e+01
0
0
0
0
1.013209e+01
0
0
0
0
0
0
7.407019e+00
0
0
0
1.080828e+01
0
0
0
0
0
0
1.277906e+01
0
0
0
0
0
0
0
0
0
0
0
1.189603e+01
0
1.244740e+01
0
0
0
0
9.893579e+00
0
0
9.087842e+00
0
0
0
0
0
0
0
0
1.080288e+01
1.058748e+01
0
1.424747e+02
0
1.093130e+01
1.712360e+00
0
0
0
0
0
0
0
0
0
2.845667e+01
0
0
1.099450e+01
0
1.013894e+01
0
0
0
1.187060e+01
0
0
0
0
0
9.823707e+00
0
0
1.252177e+01
0
0
0
0
0
1.338319e+01
0
1.302531e+01
0
0
0
9.683221e+00
0
0
0
0
0
0
0
0
0
0
0
9.672351e+00
0
0
0
0
0
0
0
8.745076e+00
1.457376e+00
0
0
0
7.599909e+00
1.284665e+01
0
0
0
0
0
0
0
1.174676e+01
0
1.006824e+01
0
9.921788e+00
0
0
0
0
0
0
1.231023e+01
0
1.109649e+01
0
0
0
8.284278e+00
0
0
1.193108e+01
9.090626e+00
0
0
1.367580e+01
0
0
0
8.768228e+00
0
0
0
0
0
0
0
0
0
0
8.083684e+00
1.007938e+01
0
0
0
8.181867e+00
1.336907e+01
8.416685e+00
0
0
0
0
0
0
1.344916e+01
0
1.325044e+01
0
0
0
0
0
0
1.256650e+01
9.751339e+00
0
0
0
0
8.266650e+00
1.015010e+01
0
8.673507e+00
0
1.089511e+01
0
0
0
1.301705e+01
0
0
6.126576e-02
0
9.140752e+00
0
0
9.078572e+00
0
2.993479e+02
0
0
0
0
9.500501e+00
7.347942e+00
0
0
1.037391e+01
0
0
1.072747e+01
0
1.855077e+04
0
0
1.213000e+01
0
0
0
0
0
0
0
1.355428e+01
0
8.732147e+00
0
0
0
1.248725e+01
0
0
0
0
1.013391e+01
0
0
1.176786e+01
1.338326e+01
0
1.558341e+01
8.706394e+00
0
0
0
0
0
0
0
0
0
1.317606e+01
2.256338e+00
0
0
0
8.339629e+00
0
0
0
1.024792e+01
0
0
0
0
8.583196e+00
0
0
0
0
0
0
0
0
1.172407e+01
0
0
1.104763e+01
0
0
0
0
0
0
0
0
1.068496e+01
0
0
0
7.298924e+00
0
0
0
0
0
0
0
8.883463e+00
0
0
0
0
1.107505e+01
0
0
0
0
0
0
0
0
0
8.154499e+00
1.119766e+01
0
7.481148e+00
0
1.138867e+01
8.379621e+00
0
1.265890e+01
9.778421e+00
0
0
0
1.086761e+01
0
8.287784e+00
0
0
0
0
0
1.263621e+01
0
0
0
8.939457e+00
0
0
1.255784e+01
1.254408e+01
0
0
0
1.216581e+01
0
0
0
0
6.160955e-01
1.310973e+01
0
0
0
0
0
0
0
8.474063e+00
0
1.441649e+01
9.072276e+00
0
9.835201e+00
0
0
9.036075e+00
4.167582e-01
0
9.169905e+01
0
0
0
0
0
0
0
1.259676e+01
0
0
1.049969e+01
0
9.952087e-01
0
1.256572e+01
5.239670e-01
0
0
1.071328e+01
0
0
1.149302e+01
0
0
0
1.016297e+01
0
0
7.971881e+00
0
0
0
0
0
0
0
8.676482e+00
0
0
0
7.291811e+03
0
8.758909e+00
0
1.317939e+01
0
0
0
0
0
0
0
9.407430e+00
0
0
0
0
0
0
9.978567e+00
0
0
0
1.251561e+01
0
0
0
1.379626e+01
9.819682e+00
9.795488e+00
0
0
0
0
0
0
0
9.228953e+00
0
0
0
0
0
0
0
0
0
0
0
0
1.043383e+01
0
0
0
0
0
0
5.075209e+00
0
0
0
0
0
0
0
0
0
0
0
0
0
9.280916e+00
0
0
0
8.557890e+00
0
0
0
0
0
0
0
0
0
0
0
0
0
0
0
0
0
2.168428e+00
0
1.311558e+01
0
1.228543e+01
0
0
9.909938e+00
0
0
0
0
0
0
0
9.322072e+00
0
0
9.317558e+00
9.822165e+00
0
1.259641e+01
0
0
0
1.113216e+01
0
0
0
0
0
1.294996e+01
0
8.509066e+00
0
0
0
0
8.431055e+00
1.378895e-01
0
0
0
0
0
0
1.008366e+01
0
0
0
0
0
1.464910e+01
0
0
7.977663e+00
0
0
7.638170e+00
0
0
0
0
1.017422e+01
1.211285e+01
0
1.143568e+01
9.166549e+00
0
1.434664e+01
0
1.064493e+01
0
0
0
0
0
1.192341e+01
0
0
0
0
0
0
0
0
8.575284e+00
0
0
0
3.204221e+01
0
0
0
0
0
0
0
0
0
0
0
0
1.408794e+01
0
1.189584e+01
0
0
0
0
0
0
0
0
0
0
0
9.064972e+00
1.042961e+01
1.246975e+01
8.522451e+00
0
0
0
0
0
0
0
1.126886e+02
0
0
0
9.393392e+00
0
0
0
0
0
0
0
0
9.865801e+00
0
1.023196e+01
1.228839e+01
0
0
0
8.227053e+00
0
0
1.233718e+01
9.470067e+00
0
0
1.362718e+01
0
0
0
0
0
0
0
0
0
0
0
0
0
9.962251e+00
0
0
0
9.696824e+00
0
5.723795e+01
7.938587e+00
0
0
0
0
8.704326e+00
1.105316e+01
1.019980e+01
0
0
0
0
0
0
0
8.144835e+00
1.084899e+01
0
0
0
0
9.918527e+00
0
0
0
0
0
9.762369e+00
8.038975e+00
0
0
0
0
8.575984e+00
0
1.249001e+01
0
0
0
8.830534e+00
9.751548e+00
0
0
0
0
7.999980e+00
0
0
0
1.013090e+01
0
9.698742e+00
0
0
1.106101e+01
0
0
1.051858e+01
0
0
0
0
1.053938e+01
0
0
0
0
0
0
0
3.022818e+03
0
7.960374e+00
0
0
0
0
0
0
1.166462e+01
1.166313e+01
0
0
0
0
0
0
1.222990e+01
9.117867e+00
0
8.521895e+00
0
0
0
0
9.238881e+00
1.829591e+01
0
0
0
0
0
0
0
0
0
8.531056e+00
0
0
0
0
1.106024e+01
0
0
9.289164e+00
1.296479e+01
0
1.300703e+01
1.308273e+01
0
0
0
0
0
0
0
1.213069e+01
0
1.019660e+01
4.758818e+02
0
0
0
0
8.230149e+00
0
8.539832e+01
0
0
0
0
0
0
0
3.022669e+01
0
1.314421e+01
8.877437e+00
1.287492e+01
0
0
1.065661e+01
0
0
0
0
1.305838e+01
1.038392e+01
0
8.274101e+00
1.058211e+01
1.410889e+01
1.040241e+01
0
0
0
1.025743e+01
0
1.334941e+01
0
0
1.187313e+01
0
0
7.300733e-01
0
1.009194e+01
0
0
8.563924e+00
0
0
0
0
0
0
1.197615e+01
0
0
0
0
0
0
1.185344e+01
0
0
1.862569e+00
0
0
0
0
0
0
0
0
0
0
0
0
0
0
0
0
0
0
0
0
0
0
0
0
9.220007e+00
0
0
0
0
8.881723e+00
0
0
0
0
9.042499e+00
5.361717e-01
0
0
0
0
1.308217e+01
1.377156e+01
0
8.575298e+00
1.304036e+01
0
0
0
1.214583e+01
0
0
0
0
0
1.220847e+01
9.577407e+00
0
0
0
0
0
0
0
1.263836e+00
0
0
0
0
0
2.333886e+00
1.072571e+01
0
0
0
0
0
0
0
1.153409e+02
0
0
1.044556e+01
0
0
1.390555e+01
0
0
1.311563e+01
0
1.089281e+01
0
0
0
0
0
1.242394e+01
0
0
0
0
0
0
0
1.177467e+01
0
0
0
0
0
0
8.044751e+00
0
0
0
0
1.235151e+01
1.132281e+01
0
0
0
0
0
0
9.872648e+00
0
0
0
0
0
0
0
0
0
0
0
0
0
0
0
0
0
0
0
9.806915e+00
0
1.048817e+01
0
0
0
0
8.386256e+00
0
0
0
8.439197e+00
1.030549e+01
0
1.091694e+01
0
0
0
0
1.269948e+01
0
1.129955e+01
0
0
0
0
0
0
0
0
1.299795e+01
0
0
0
0
0
9.844936e+00
0
9.679119e+00
1.008004e+01
9.748525e+00
0
0
0
0
0
0
0
0
8.708845e+00
0
1.684530e-01
1.247994e+01
7.809581e+00
2.037631e-01
0
0
0
1.013173e+01
0
0
0
0
0
0
0
8.406511e+00
0
1.370062e+01
0
9.969543e+00
0
0
0
0
0
1.287106e+01
5.094851e+01
0
1.048857e+01
0
0
8.526580e+00
1.405320e+01
0
0
0
0
0
0
0
9.827595e+00
0
0
0
0
0
0
0
0
0
0
0
0
0
9.789980e+00
0
0
0
0
1.013471e+01
1.324954e+01
1.036411e+01
0
0
0
0
0
0
0
0
0
0
0
0
1.194770e+01
0
0
0
0
0
0
0
0
0
1.233093e+01
0
0
1.295586e+01
0
0
0
1.279207e+01
0
0
1.039586e+01
1.013693e+01
0
4.775166e+00
0
0
2.298797e+00
0
9.363379e+00
0
0
0
0
8.512022e+00
0
8.907078e+00
0
0
0
1.280099e+01
0
0
0
0
0
0
1.159186e+01
0
8.682514e+00
1.193989e+01
0
0
0
0
1.297267e+01
0
0
0
1.270752e+01
0
0
0
8.532241e+00
0
1.313169e+01
0
0
0
0
9.837519e+00
0
4.479949e-01
0
0
8.352222e+00
0
0
0
0
0
0
0
0
0
9.456753e+00
0
0
1.424747e+02
0
0
0
0
0
0
0
0
0
0
0
3.312512e-01
0
0
0
7.754614e+00
0
0
0
0
8.560825e+00
0
0
1.166275e+01
0
0
1.026590e+01
1.232599e+01
0
0
0
0
0
0
0
0
0
0
0
0
0
0
8.870626e+00
0
1.425887e+01
0
1.191051e+01
0
0
1.062421e+01
0
9.786998e+00
0
0
1.397251e+01
0
8.383826e+00
0
0
0
0
0
8.242091e-01
8.940852e+00
9.496112e+00
0
0
0
0
9.534287e+00
0
8.374863e+00
0
8.796591e+00
0
0
0
0
0
8.683997e+00
0
1.367492e+01
9.709447e+00
1.388402e+01
1.317684e+01
9.198322e+00
0
0
0
9.808981e+00
0
1.199521e+01
9.505658e+00
0
0
9.012698e+00
1.161354e+01
9.707731e+00
1.349266e+01
0
1.183553e+01
0
1.260858e+01
0
1.434893e+01
0
0
0
0
0
0
0
0
0
0
0
0
0
0
0
0
0
9.031153e+00
0
0
0
0
0
0
0
0
0
0
0
0
0
0
8.647510e+00
0
1.288142e+01
0
0
0
0
0
1.268046e+01
1.415161e+01
0
0
0
1.429863e+01
1.001791e+01
0
0
0
0
0
0
0
0
8.443963e+00
0
0
0
0
1.318345e+01
0
0
1.287752e+01
0
9.221585e+00
0
0
0
0
0
1.035750e+01
1.257622e+01
1.276950e+01
0
6.275329e+01
0
0
1.075252e+01
0
8.450766e+00
0
0
0
8.712156e+00
0
9.074011e+00
8.597626e+00
0
0
0
0
0
0
0
1.359237e+01
0
0
0
0
0
8.067128e+00
0
0
0
0
0
1.008850e+01
0
0
0
0
0
0
0
0
3.965222e-01
1.042195e+01
0
0
0
8.726266e+00
0
9.884865e+00
0
0
0
0
0
0
1.118933e+01
0
8.546223e+00
0
0
0
0
0
0
0
9.835830e+00
1.086889e+01
0
1.065282e+01
0
1.048215e+01
0
0
0
0
0
0
0
0
0
8.622960e+00
0
0
0
0
0
9.973597e+00
0
0
0
0
0
8.431994e+00
9.949611e+00
0
0
1.018452e+01
0
9.839838e+00
1.175398e+01
9.803827e+00
0
0
0
0
0
1.239275e+01
8.837065e+00
0
0
0
9.111857e+00
0
0
0
0
0
0
0
0
0
1.087754e+01
8.732230e+00
0
0
9.289018e+00
0
0
9.682445e+00
0
0
0
0
0
0
0
0
0
0
0
0
0
0
0
0
0
0
0
8.481723e+00
0
0
0
0
0
1.236994e+01
0
0
0
0
0
0
0
1.140426e+01
0
0
8.465726e+00
0
7.622373e+00
0
0
0
3.219924e+02
8.266650e+00
0
0
0
0
0
8.492837e+00
0
0
0
0
0
0
0
0
0
8.948825e+00
8.931258e+00
8.833343e+00
0
0
0
0
0
0
8.062837e+00
9.931576e+00
1.014593e+01
0
1.089000e+01
0
0
1.276113e+01
0
0
0
1.126543e+01
0
1.042802e+01
0
1.095994e+01
0
0
0
8.391202e+00
0
0
0
1.110852e+01
1.013090e+01
0
0
0
0
0
0
0
0
0
0
0
0
1.072333e-01
0
0
0
0
9.371984e+00
0
0
1.345757e+01
0
9.808011e+00
0
0
0
8.348677e+00
8.928402e+00
0
0
0
0
0
9.586716e+00
0
0
0
2.660989e+01
0
0
0
0
0
0
0
0
0
0
1.139869e+01
9.936240e+00
1.292503e+01
8.106433e+00
0
0
1.058496e+01
0
0
0
0
0
0
0
0
0
0
8.842413e+00
8.714643e+00
4.433137e+01
0
1.248081e+01
1.148174e+01
0
0
0
0
0
0
0
0
0
1.179034e+01
0
0
1.184640e+01
0
0
0
0
0
0
0
0
0
0
0
0
0
0
0
0
0
0
0
0
0
0
0
0
0
0
0
0
0
0
0
0
0
1.324514e+01
0
0
0
9.347603e+00
0
0
9.506319e+00
3.132845e+01
0
0
0
0
0
0
0
0
0
0
0
0
0
0
0
1.311777e+00
0
0
0
8.420781e+00
0
0
0
1.083469e+01
0
0
0
0
0
0
0
0
0
0
0
1.705118e+01
0
0
0
0
0
0
0
0
9.877661e+00
0
0
0
1.196251e+01
0
0
0
0
0
2.260676e+00
0
1.228197e+01
0
0
0
0
0
1.025673e+01
0
0
0
0
0
0
0
1.195580e+01
0
0
1.269377e+01
0
0
1.133212e+01
0
0
0
0
8.522674e+00
0
0
0
1.599114e+00
0
0
1.430037e+01
0
0
0
0
1.034822e+01
1.342673e+01
0
9.669820e+00
9.529743e+00
0
0
0
1.250526e+01
0
1.046561e+01
8.481371e+00
0
1.070495e+01
0
0
0
9.696485e+00
0
0
0
0
0
0
1.300532e+01
0
0
0
0
0
0
0
0
0
1.241776e+01
0
0
0
9.013279e+00
0
5.079590e+00
0
0
0
0
0
0
8.169752e+00
0
0
0
0
0
0
9.997370e+00
0
3.725705e+00
0
0
0
1.298703e+01
0
0
0
0
0
0
9.046954e+00
1.536084e+00
0
0
0
0
0
0
0
0
0
1.511878e+01
0
0
0
8.138514e+00
0
3.735860e+00
1.282965e+01
0
0
0
0
0
0
0
0
0
0
0
0
0
8.470771e+00
9.364043e+00
0
0
0
0
9.494688e+00
0
1.273906e+01
0
0
0
0
1.008893e+01
0
0
0
0
1.013596e+01
0
0
0
0
0
1.257897e+01
0
0
0
0
0
0
1.017675e+01
0
0
0
9.913003e+00
0
0
0
0
1.139855e+01
9.299192e+00
0
0
0
0
1.239774e+01
0
0
0
0
0
0
1.062949e+01
0
8.745710e+00
0
0
7.839172e+00
0
9.198529e+00
0
0
9.852323e+00
0
1.129649e+01
0
0
0
0
0
0
0
0
0
1.059825e+01
1.146819e+01
1.033409e+01
0
0
0
9.661612e+00
0
0
0
0
0
0
3.271442e+00
0
0
0
0
0
0
0
0
0
1.372836e+01
0
1.352674e+01
0
0
1.093167e+01
9.330187e+00
0
0
9.888207e+00
0
0
0
8.259838e+00
0
0
8.822426e-02
9.154366e+00
0
1.048127e+01
0
0
0
0
1.311777e+00
8.114768e+00
0
0
0
0
0
0
0
0
0
0
0
9.249797e+00
0
0
0
9.613481e+00
1.330159e+01
8.815712e+00
0
0
0
0
0
0
0
0
0
0
9.612688e+00
0
0
0
0
0
1.339333e+01
0
0
9.580341e+00
0
1.361325e+01
0
0
0
9.315993e+00
0
0
1.013938e+01
0
0
0
0
3.002365e+01
0
8.657824e+00
0
0
1.381466e+01
1.370769e+01
0
0
0
0
0
0
0
0
0
9.559570e+00
0
9.029723e+00
9.274868e+00
8.926430e+00
3.169510e+01
0
0
1.334441e+01
8.568338e+00
0
0
0
0
0
1.127031e+01
0
0
0
0
0
0
0
0
0
0
0
0
0
0
0
9.377566e+00
0
0
0
0
9.618705e+00
9.121717e+00
0
0
0
0
0
0
0
1.264840e+01
8.766076e+00
0
0
0
0
0
0
0
0
1.035124e+01
0
0
1.241092e+01
0
0
1.017713e+01
0
0
0
0
0
0
8.634566e+00
0
0
0
0
8.331298e+00
0
2.413239e+02
0
0
1.355651e+01
6.583748e+03
0
0
0
0
0
0
9.452190e+00
1.364787e+01
8.990915e+00
0
0
1.317858e+01
0
5.433146e-01
0
0
0
0
0
9.723166e+00
0
0
0
9.775870e+00
0
0
0
0
1.224926e+01
0
7.850526e+00
0
0
0
0
0
8.713462e+00
0
0
0
0
1.305152e+00
0
0
0
0
0
8.333573e+00
1.255274e+01
0
1.155796e+01
1.062226e+01
5.109984e-01
1.321307e+01
0
0
0
0
0
0
0
0
0
0
0
0
0
0
0
9.852960e+00
1.295137e+01
0
0
0
8.623148e+00
0
8.284367e+00
0
0
0
0
0
0
0
0
0
0
0
1.819947e+00
1.082199e+01
0
0
9.222872e+01
0
0
0
0
1.378708e+01
0
0
0
0
0
0
0
0
0
0
0
1.462088e+01
0
8.729594e+00
9.028661e+00
0
0
0
0
0
0
8.242663e+00
0
0
9.895190e+00
0
0
0
1.327138e+01
0
0
0
1.053938e+01
1.379395e+01
1.158645e+01
9.771913e+00
0
0
0
0
0
0
0
0
0
0
0
0
0
0
0
1.233235e+01
9.973719e+00
0
8.703313e+00
0
0
9.187445e+00
1.013126e+01
8.139580e+00
0
1.259468e+01
2.062605e-01
0
0
0
0
0
0
0
8.838733e+00
0
0
0
0
0
0
0
0
0
0
0
1.250668e+01
0
0
8.210517e+00
0
0
0
0
0
0
0
0
0
0
0
0
0
0
0
1.086439e+01
2.361662e+01
0
4.272882e+02
1.257998e+01
3.924586e+01
0
0
0
0
0
0
0
0
0
0
8.524217e+00
0
0
0
0
0
1.191947e+01
0
0
0
0
1.030291e+01
1.031263e+01
0
0
0
0
0
8.734983e+00
0
0
8.421879e+00
0
0
0
1.036880e+01
0
0
0
0
0
1.028695e+01
0
0
0
0
0
0
1.323674e+01
0
0
0
0
0
0
0
0
0
0
0
0
0
0
0
0
0
0
0
0
0
0
0
0
0
8.091084e+00
0
0
1.139094e+01
0
1.067058e+01
0
0
0
9.915768e+00
0
0
0
0
0
1.110890e+01
2.325225e+01
1.307392e+01
0
0
0
0
1.281052e+01
0
0
1.134669e+01
1.229339e+01
2.733887e-01
0
0
0
0
0
0
0
0
0
0
0
0
0
0
5.391963e+00
1.163152e+01
1.274765e+01
0
0
0
0
8.350042e+00
0
0
0
0
0
1.190560e+01
1.421119e+01
0
9.005605e+00
0
1.140623e+01
1.023280e+01
0
0
0
9.566005e+00
0
1.047026e+01
0
1.222191e+01
0
1.080149e+01
8.841771e+00
0
0
1.017281e+01
8.137817e+00
0
0
0
0
0
0
0
0
0
0
0
0
0
0
0
0
1.273612e+01
0
1.113932e+01
0
0
0
0
9.659758e+00
0
0
1.132078e+01
0
0
1.231763e+01
0
8.928402e+00
8.506918e+00
5.279278e-01
1.299741e+01
4.295699e+00
0
0
0
0
0
0
0
0
0
0
0
0
1.154805e+01
0
0
0
8.961494e+00
0
8.887522e+00
0
0
0
0
1.004036e+01
0
8.518058e+00
0
0
0
0
0
0
0
8.648097e+00
0
0
0
0
0
0
0
0
0
0
0
1.179859e+01
0
1.005239e+01
9.322430e+00
0
0
0
0
8.913128e+00
0
0
0
0
0
0
0
0
0
0
0
0
0
0
0
0
0
0
0
1.283493e+01
9.749020e+00
1.189592e+01
0
0
0
8.917720e+00
1.269476e+01
1.030178e+01
0
8.294637e+00
0
0
0
0
5.158979e+00
0
0
0
0
1.140978e+01
0
0
0
1.019836e+01
0
0
9.913823e+00
0
0
0
0
0
8.327015e+00
0
0
1.144468e+01
0
1.262698e+01
1.241790e+01
9.553212e+00
0
8.916949e+00
0
0
0
0
9.497877e+00
0
0
0
9.693466e+00
0
0
0
0
0
0
0
0
0
0
0
0
0
0
1.006970e+01
0
0
0
0
0
0
0
0
0
0
8.263875e+00
0
0
0
9.892226e+00
0
0
1.010760e+01
9.914623e+00
0
0
0
0
0
0
9.162545e+00
0
0
0
0
0
0
1.035524e+01
0
0
0
0
0
0
0
0
9.295487e+00
1.201688e+01
9.118059e+00
0
0
0
0
0
9.123283e+00
5.147956e+00
8.342061e+00
0
1.160059e+01
0
0
0
0
9.102728e+00
0
0
0
1.250083e+01
7.674669e+00
1.033952e+01
3.371133e+00
0
0
0
0
0
0
0
0
0
0
1.061927e+01
0
0
0
4.764779e-01
1.289098e+01
0
0
1.154146e+01
0
0
1.269417e+01
0
0
0
0
0
1.213512e+01
0
0
0
0
1.216529e+01
1.174342e+01
0
8.387526e+00
9.763731e+00
0
9.054514e+00
0
0
0
0
0
0
0
0
0
0
0
0
0
0
0
9.043912e+00
0
5.860534e+01
1.125904e+01
0
1.226641e+01
0
3.597866e-01
0
2.704246e+02
1.432337e+01
1.225037e+01
0
1.286628e+01
1.311257e+01
0
0
0
0
0
7.283103e-01
0
0
0
0
0
0
0
0
0
0
0
0
0
0
0
2.684571e-01
0
0
9.188400e+00
0
0
0
0
3.107399e+00
0
0
0
1.103306e+01
0
0
0
0
1.000601e+00
0
1.013090e+01
0
1.296649e+01
0
0
0
8.640159e+00
0
0
0
0
0
1.337213e+01
0
1.085730e+01
0
0
0
0
0
1.146504e+01
8.235688e+00
9.482534e+00
8.732147e+00
0
1.082778e+01
0
8.915363e+00
0
0
1.058557e+01
0
0
0
0
8.689220e+00
0
0
1.419395e+01
0
0
0
0
0
0
0
0
0
0
1.323870e+01
0
0
0
0
0
0
0
1.075773e+01
0
0
0
0
0
0
1.244517e+01
0
0
0
0
0
0
8.107462e+00
1.108208e+01
0
0
0
0
0
0
0
0
0
0
0
1.242599e+01
0
0
1.070061e+01
0
1.072408e+01
0
0
0
0
0
0
0
0
0
0
0
0
0
9.809643e+00
1.054463e+01
0
0
0
1.092808e+01
0
1.980282e+00
0
1.236268e+01
0
0
0
0
0
0
0
0
0
2.275254e+01
0
0
1.016954e+01
8.938747e+00
9.647102e+00
0
0
0
0
0
0
0
1.120240e+01
9.949393e+00
0
0
0
0
0
0
0
0
4.822457e+02
3.446623e+00
0
0
0
9.577333e+00
7.437658e+00
1.054153e+01
9.572568e+00
0
0
1.044324e+01
0
0
1.215223e+01
0
0
0
0
0
8.487936e+00
1.047113e+01
0
0
0
0
0
0
1.324601e+01
0
0
9.123073e+00
0
0
0
9.141796e+00
0
0
0
1.131540e+01
0
0
8.630005e+00
0
1.348701e+01
1.384123e+01
0
0
0
9.642621e+00
0
0
0
0
0
9.464989e+00
0
1.087113e+01
0
0
9.715711e+00
0
0
1.022750e+01
1.082193e+01
1.357357e+01
0
0
1.294705e+01
0
0
0
0
0
0
0
0
0
1.282737e+01
0
0
0
8.229196e+00
0
0
0
0
0
0
1.282597e+01
0
0
0
1.239140e+01
0
0
0
1.388873e+01
0
1.117035e+01
0
0
0
9.799210e+00
0
0
0
2.523862e+01
0
0
0
8.567791e+00
1.318758e+01
1.176936e+01
0
0
1.071469e+01
0
0
0
1.063997e+01
0
0
0
0
9.181021e-01
8.255804e+00
0
9.454816e+00
9.420059e+00
0
0
0
0
0
0
0
1.278330e+01
0
1.418647e+01
0
0
0
0
0
1.281359e+01
0
8.012162e+00
1.427637e+01
0
0
0
0
1.190720e+01
0
0
0
0
0
8.823851e+00
0
0
0
1.316782e+01
0
0
9.910359e+00
0
8.847002e+00
0
0
0
0
8.918580e+00
9.930701e+00
7.856708e+00
0
0
0
0
9.199937e+00
0
0
0
1.362317e+01
0
0
1.109039e+01
0
0
0
0
0
0
0
0
9.129940e+00
0
0
0
0
0
0
8.262854e+00
1.083870e+01
0
1.361325e+01
0
0
1.080649e+01
0
0
0
9.423215e+00
0
1.111092e+01
0
0
0
0
0
0
0
0
0
0
1.231637e+01
0
0
0
0
0
0
0
0
0
0
0
0
0
1.262306e+01
0
0
0
0
0
0
0
0
1.003069e+01
0
1.015043e+01
9.495759e+00
0
0
1.212032e+01
0
1.009731e+01
0
0
0
0
0
1.338999e+01
7.954725e+00
9.435231e+00
0
9.807078e+00
1.162148e+01
0
0
0
0
3.614321e+01
1.382722e+01
0
0
0
8.355070e+00
0
0
0
0
0
0
1.035589e+01
9.930365e+00
0
1.253244e+02
1.000967e+01
1.012927e+01
0
0
0
1.116692e+01
0
0
0
1.204769e+01
0
0
1.266889e+01
0
3.858188e+00
5.505470e+01
0
0
0
0
0
1.000429e+01
0
7.924179e+00
9.065677e+00
0
0
0
0
0
0
0
0
0
0
1.179676e+01
0
0
0
0
0
0
1.233815e+01
0
0
0
0
0
1.111463e+01
0
0
0
0
0
1.058298e+01
8.713668e+00
1.264955e+01
1.385143e+01
0
8.167545e+00
0
0
0
9.084454e+00
9.457289e+00
8.108960e+00
0
0
0
0
0
0
0
0
1.221416e+01
0
0
0
0
0
9.910949e+00
0
0
0
0
0
1.910949e+02
0
0
1.055963e+01
0
8.858770e+00
0
9.740967e+00
1.144658e+01
0
0
0
0
0
0
0
0
0
0
0
0
0
0
0
9.670999e+00
1.334685e+01
0
0
9.673209e+00
0
0
0
1.257660e+01
0
0
1.240514e+01
0
0
0
0
0
1.297651e+01
0
0
1.047517e+01
0
0
0
0
0
0
0
0
0
3.480288e+00
0
0
0
0
0
0
0
0
0
1.262496e+02
0
0
0
1.087747e+01
0
0
0
0
0
0
0
0
0
1.044577e+01
0
0
0
0
8.560595e+00
0
0
2.128996e+00
0
0
0
0
0
0
0
0
0
0
0
1.080829e+01
1.177492e+01
1.295513e+01
0
6.675196e+01
0
0
0
0
0
0
7.360951e-01
8.126117e+00
0
0
0
0
0
0
0
0
0
0
0
0
0
0
1.503142e+01
0
0
9.892591e+00
0
0
0
2.017750e+00
0
0
0
0
0
0
1.148871e+01
1.013090e+01
0
0
0
0
0
0
0
0
9.542771e+00
0
9.566951e+00
0
0
1.059772e+01
0
9.206343e+00
0
0
0
0
0
1.318883e+01
0
0
0
0
1.085419e+01
0
1.266252e+01
1.963512e+00
0
0
0
0
0
0
0
0
0
0
0
1.220091e+01
0
0
0
0
1.094068e+01
0
0
0
0
0
0
0
0
0
0
0
0
0
0
0
0
0
0
0
0
9.646866e+00
0
0
9.654218e+00
0
8.675921e+00
1.336922e+01
0
1.310374e+01
9.993007e+00
0
0
0
0
0
0
0
0
8.772680e+00
0
1.077779e+01
0
0
0
0
0
8.372472e+00
0
0
0
0
0
0
0
9.780566e+00
0
0
0
9.420913e+00
0
1.017619e+01
9.797862e+00
1.000642e+01
0
0
1.444699e+01
0
0
0
0
2.217027e+01
0
1.008833e+01
0
1.200095e+01
0
0
0
0
9.713619e+00
1.064260e+01
8.770218e+00
1.171501e+01
0
0
0
0
0
0
0
0
0
8.096203e+00
0
0
0
0
0
0
0
0
0
0
0
9.720983e+00
0
0
0
0
0
0
2.039664e+01
0
0
1.134509e+01
1.645727e+00
0
9.140007e+00
9.754652e+00
0
0
0
0
0
0
0
0
0
0
0
0
4.496727e-01
0
0
0
8.354634e+00
0
0
0
0
0
0
0
0
0
0
0
0
0
0
0
0
0
0
0
0
0
0
0
0
2.670189e+00
0
0
0
1.301065e+01
0
1.024794e+01
0
0
0
0
0
0
0
0
0
1.182165e+01
0
1.047673e+01
0
0
0
0
0
0
0
0
1.091059e+01
0
0
0
0
0
8.603488e+00
0
1.064757e+01
0
0
8.945607e+00
0
0
0
0
0
0
0
0
7.299046e+01
0
0
0
0
9.980610e+00
8.480967e+00
0
0
0
0
0
8.811492e+00
0
0
0
0
0
0
1.090516e+01
0
0
0
0
0
0
9.474049e+00
0
0
0
0
0
0
0
0
0
0
1.080288e+01
0
0
0
1.300189e+01
0
0
0
2.738730e-01
9.244050e+00
1.383828e+01
0
0
0
1.170864e+01
0
0
0
0
0
0
0
0
0
1.016073e+01
1.018230e+01
1.246349e+01
0
0
0
0
0
1.255107e+01
2.400279e+00
9.735181e+00
9.212315e+00
0
0
0
0
0
0
8.428804e+00
0
0
0
1.213502e+01
0
1.455430e+01
0
0
0
0
1.292487e+01
0
1.301645e+01
0
1.237179e+01
0
0
0
8.910761e+01
0
0
0
0
0
0
9.469014e+00
0
0
0
0
0
0
0
1.261243e+01
1.115632e+01
0
1.415055e+01
0
9.771565e+00
8.240131e+00
8.082445e+00
0
0
0
0
0
0
0
7.860397e+00
0
8.570371e+00
0
0
0
9.983755e+00
0
1.479437e+01
0
1.204327e+01
0
1.118392e+01
0
8.386351e+00
0
0
0
0
0
0
9.808200e+00
0
0
0
0
3.111979e+00
0
0
0
9.739649e+00
1.356288e+01
0
0
0
0
0
0
8.062884e+00
0
8.804742e+00
0
0
1.109797e+01
1.045432e+01
1.238684e+01
0
0
0
0
1.296646e+01
0
0
0
0
9.269889e+00
0
9.583281e+00
0
0
9.499046e+00
0
0
0
1.044843e+01
0
0
1.462796e+01
0
0
0
9.658939e+00
0
0
0
0
1.194544e+01
0
0
0
0
0
0
0
1.296188e+01
0
0
0
0
0
1.347300e+01
0
9.761617e+00
0
0
9.881207e+00
0
0
0
0
8.916830e+00
0
0
9.152927e+00
0
7.691495e-01
0
0
8.774045e+00
0
0
0
9.100704e+00
0
0
0
0
0
0
1.210300e+01
0
0
0
0
0
9.789523e+00
0
0
0
0
0
0
7.775486e+00
0
0
9.857993e+00
0
1.328229e+01
1.079736e+01
0
0
1.289809e+01
0
0
0
0
0
1.172084e+01
0
8.732147e+00
0
1.388113e+01
1.301759e+01
0
0
4.010953e+01
0
0
0
0
0
9.394994e+00
0
0
0
0
0
0
0
8.096772e+00
0
1.334084e+01
0
0
1.708463e-01
1.283780e+01
1.039365e+01
0
0
0
0
0
0
0
0
1.121807e+01
0
0
0
0
0
7.992875e+00
0
0
9.713346e+00
0
2.121004e+01
0
0
0
0
0
0
8.818253e+00
0
0
0
0
0
1.245581e+01
0
0
0
0
0
0
0
0
0
0
0
1.067054e+01
0
1.383056e+01
0
0
0
0
0
1.033564e+01
1.421273e+01
0
0
9.896341e+00
0
0
0
8.838460e+00
0
0
1.010156e+01
1.657451e-01
0
0
0
0
1.065371e+01
0
0
0
0
0
8.531946e+00
0
0
0
0
1.008689e+01
1.288445e+01
0
0
0
0
0
0
0
8.873435e+00
1.292937e+01
8.261526e-01
0
9.140282e+00
0
0
0
9.947484e+00
0
0
0
0
1.275337e+01
0
0
0
0
0
0
0
1.203471e+01
0
0
0
0
0
0
8.995685e+00
0
0
3.684032e+01
0
0
0
7.503710e+02
0
0
7.973987e+00
0
0
1.062842e+01
1.518450e+01
0
0
0
0
0
0
0
9.864622e+00
0
0
0
0
0
0
0
0
1.169007e+01
0
0
0
0
1.249013e+01
9.458670e+00
5.531192e+00
8.930575e+00
0
0
9.979879e+00
0
0
9.218971e+00
3.252518e-02
9.973409e+00
1.445032e+01
0
0
1.140222e+01
0
0
1.154304e+01
1.208720e+01
0
0
0
1.298871e+01
0
0
0
0
0
9.917023e+00
0
9.714804e+00
0
0
0
1.265823e+01
0
1.054773e+01
0
0
0
1.068975e+01
8.043880e+00
0
0
0
0
0
0
0
0
0
0
0
0
0
0
0
0
0
0
0
0
0
0
0
0
0
0
0
0
9.065530e+00
0
0
3.085693e-02
0
0
9.894628e+00
0
0
9.702115e+00
8.561782e+00
0
0
1.260953e+01
0
0
0
0
0
0
0
0
0
0
0
1.065200e+01
0
0
1.008011e+01
1.229002e+01
0
0
0
0
8.038583e+00
0
1.223634e+01
1.065398e+01
8.732147e+00
1.273412e+01
1.126178e+01
0
0
0
0
0
0
0
0
0
0
1.447275e+01
9.462097e+00
0
0
0
0
0
0
0
9.055132e+00
1.065987e+01
0
8.292273e+00
0
9.079450e+00
0
0
0
9.679309e+00
0
0
0
0
0
0
8.543759e+00
0
0
0
1.057101e+01
0
0
1.001369e+01
0
0
1.004552e+01
0
0
0
0
0
0
0
0
0
0
0
0
0
1.079479e+01
1.277349e-01
0
0
0
0
0
0
1.046601e+01
0
0
0
0
0
0
0
0
8.769099e+00
0
8.441219e+00
0
0
0
0
0
0
1.008895e+01
0
0
9.293323e+00
8.698604e+00
1.260013e+01
2.051363e-01
1.036009e+01
0
0
1.010096e+01
0
1.018628e+01
9.309781e+00
0
0
1.039736e+01
0
0
0
0
0
0
2.532949e-01
0
0
0
0
0
9.826899e+00
0
0
0
8.151019e+00
0
0
0
0
1.502172e+01
0
0
0
0
0
0
0
8.863864e+00
0
0
0
0
9.218706e+00
0
0
0
0
1.259307e+01
0
1.197861e+01
0
0
9.183106e+00
0
0
0
1.056523e+01
1.106825e+01
1.113580e+01
0
0
0
1.385978e+01
0
0
0
0
0
1.003322e+01
0
0
1.045395e+01
0
0
1.370173e+01
9.971392e+00
0
0
0
0
0
1.393478e+01
8.732147e+00
0
0
0
0
0
1.323631e+00
0
0
0
0
1.216378e+01
0
0
0
0
0
0
0
0
0
0
0
8.146849e+00
1.326341e+01
0
0
0
1.192322e+01
1.260905e+01
1.006642e+01
0
1.252504e+01
0
1.011054e+01
0
0
0
1.027528e+01
0
0
0
1.341023e+01
0
0
0
0
0
0
1.465316e+01
0
0
0
0
0
0
0
0
1.000219e+01
0
0
0
8.633964e+00
1.217489e+01
9.861550e+00
0
0
0
0
0
0
0
0
0
1.038364e+01
8.737093e+00
0
0
0
1.070119e+01
0
0
0
0
1.434708e+01
1.019961e+01
8.567781e+00
0
0
0
0
0
0
2.020092e+00
0
0
1.085944e+01
0
0
0
9.869721e+00
0
0
0
1.206449e+01
0
8.183541e+00
9.118269e+00
0
0
9.708034e+00
1.336354e+01
0
9.122946e-01
0
0
8.501656e+00
0
0
9.152129e+00
0
0
0
7.934022e+00
0
0
0
0
0
0
0
0
1.073088e+01
0
0
0
0
0
0
0
8.306220e+00
0
0
0
0
0
0
0
1.156309e+01
0
0
0
0
0
0
0
1.270632e+01
9.616421e+00
0
0
0
0
0
1.087629e+01
0
9.846770e+00
1.073397e+01
0
0
0
0
8.954841e+00
0
0
0
0
0
0
0
9.971676e+00
0
0
0
0
0
1.180607e+01
0
9.203254e+00
8.295675e+00
0
0
0
0
0
0
0
0
0
0
0
0
0
0
9.697817e+00
1.213326e+01
0
8.333625e+00
0
0
1.264594e+01
0
0
8.789544e+00
0
1.484725e+01
0
0
0
0
0
0
0
0
0
0
0
1.088892e+01
0
0
0
0
0
0
5.737329e+01
0
0
9.474482e+00
0
0
0
1.230945e+01
0
0
0
0
0
0
1.324661e+01
1.287992e+01
1.107770e+01
1.318096e+02
0
1.058518e+01
1.139774e+01
0
0
1.110928e+01
0
0
8.789755e+00
0
0
0
0
0
0
0
1.696969e+00
0
0
1.445902e+01
0
9.695498e+00
0
0
0
0
0
0
0
0
0
3.721682e+01
1.257660e+01
0
0
9.722892e+00
0
0
0
0
7.554644e+01
0
0
0
1.267154e+01
0
0
0
1.015065e+01
4.347631e+01
0
8.217112e+00
0
1.009000e+01
0
0
1.024638e+01
0
0
0
0
0
0
1.019030e+01
4.770602e+01
0
0
0
2.667750e+00
0
0
0
8.352429e+00
8.613429e+00
0
0
0
1.051662e+01
9.447151e+00
9.284026e+00
0
1.191100e+01
0
1.100839e+01
0
0
0
0
0
0
0
0
0
1.426446e+01
9.731544e+00
0
0
0
0
0
1.244740e+01
0
1.117632e+01
0
0
0
2.380169e+00
0
0
0
0
8.041959e+00
1.042819e+01
0
8.939433e+00
0
1.227815e+01
0
0
0
0
0
0
0
0
0
0
0
0
0
0
0
0
1.191173e+01
1.498796e+01
0
9.948062e+00
0
0
0
0
0
1.084244e+01
0
0
0
0
0
0
0
0
0
0
1.280644e+01
9.725754e+00
0
0
0
0
1.288729e+01
8.939525e+00
0
0
9.469501e+00
0
0
0
0
1.221943e+01
0
0
0
0
0
8.613841e+00
0
0
0
0
0
1.656499e+00
8.501055e+00
0
0
1.210533e+01
1.052386e+01
0
8.936037e+00
9.078965e+00
1.164132e+01
0
0
1.202294e+01
0
0
0
0
0
0
0
0
0
1.351916e+01
0
0
0
0
0
0
0
0
0
0
0
9.779345e+00
0
0
0
0
0
0
9.775638e+00
0
0
0
1.361325e+01
0
0
6.074044e+00
1.315256e+01
0
9.504041e+00
0
0
0
0
0
0
0
9.645906e+00
9.500080e+00
0
0
1.182371e+01
0
0
0
0
1.003968e+01
0
1.021443e+01
0
0
9.516871e+00
0
0
0
0
0
0
1.299204e+01
0
0
0
0
0
0
0
1.217084e+01
0
0
0
0
9.940908e+00
0
0
0
0
0
0
8.791384e+00
0
0
0
0
0
9.924910e+00
0
1.542395e+01
1.012012e+01
0
0
0
1.153371e+01
0
1.283115e+01
1.073173e+01
0
1.032935e+01
9.263160e+00
1.225221e+01
0
9.975423e+00
8.170214e+00
0
0
9.472055e+00
3.844907e-01
0
1.226739e+01
0
1.380804e+01
1.382389e+01
3.552378e+01
1.112159e+01
0
7.865336e+00
0
9.780080e+00
0
0
1.275282e+01
0
1.008765e+01
0
9.727460e+00
0
0
0
1.072364e+01
0
0
0
0
0
0
0
0
0
0
0
0
0
0
1.261183e+01
0
0
0
0
0
0
0
0
0
0
0
0
0
9.118243e+00
0
0
8.041520e+00
1.039308e+01
0
0
1.132500e+01
0
0
0
0
0
0
8.167677e+00
0
1.200586e+01
1.104829e+01
0
9.825687e+00
0
1.258209e+01
1.024981e+01
9.454266e+01
0
1.459514e+01
0
0
1.084798e+01
0
0
0
0
1.461688e+01
0
0
0
1.466950e+01
8.735748e+00
0
0
8.047794e+00
0
0
0
1.215812e+01
0
1.008805e+01
0
0
0
0
0
0
0
0
0
0
0
0
0
1.113749e+01
0
0
0
7.959072e+00
0
1.085161e+01
0
8.476661e+00
0
0
0
0
0
0
0
0
0
0
0
0
0
0
0
0
0
0
0
1.038701e+01
9.457130e+00
0
0
0
0
0
0
0
0
0
7.741836e+00
0
0
7.734284e+00
0
1.018228e+01
0
0
0
0
0
0
0
5.373305e-01
9.216779e+00
1.094022e+01
0
0
0
0
1.343465e+01
0
0
0
1.715464e+00
0
0
0
8.421754e+00
0
9.240406e+00
0
0
0
0
0
0
0
0
0
0
0
0
0
0
0
0
0
0
9.930866e+00
0
0
9.097217e+00
1.111942e+01
0
0
1.472306e+01
0
0
0
0
0
0
0
7.320457e-01
0
0
0
9.024086e+00
0
0
0
3.442029e+01
0
0
0
1.262207e+01
1.184234e+01
1.306801e+01
0
1.089059e+01
1.250383e+01
0
0
0
0
0
1.034959e+01
0
0
9.496158e+00
0
0
8.304540e+00
0
1.115511e+01
0
1.207133e+01
0
0
0
0
1.019058e+01
0
3.643764e+01
0
0
9.406669e+00
0
0
0
1.279995e+01
0
0
0
0
0
0
0
0
3.648477e+00
9.187126e+00
0
0
0
0
0
0
0
0
0
0
0
0
0
0
0
8.184307e+00
0
0
0
0
0
0
0
0
8.362781e+00
0
1.306879e+01
0
1.151973e+01
0
0
0
9.696801e+00
0
0
0
0
0
0
0
0
1.043594e+01
0
0
0
0
8.258929e+00
0
0
3.040278e+01
0
0
0
0
0
0
0
0
0
0
0
0
0
0
0
1.093143e+01
1.171544e+01
0
1.273883e+01
0
0
0
1.031289e+01
0
0
0
0
0
8.237021e+00
1.218223e+01
0
0
0
0
1.437682e+01
0
0
0
0
0
0
0
0
0
0
0
0
0
0
1.285475e+01
1.118157e+01
0
0
1.323398e+01
0
1.116769e+01
0
0
0
0
9.364458e+00
0
9.521714e+00
0
0
0
0
1.086173e+01
0
0
0
1.097465e+01
0
0
0
0
0
1.338473e+01
1.929663e+02
0
1.230973e+01
0
0
0
1.177079e+01
0
1.326688e+01
0
0
0
0
0
0
9.405915e+00
8.030177e+00
2.464486e+01
0
0
9.971569e+00
0
0
0
0
0
0
1.087242e+01
0
0
0
0
1.033061e+01
0
0
8.905110e+00
0
0
0
0
0
0
0
0
0
0
8.297331e+00
0
0
7.418799e+00
0
0
0
0
0
0
8.791494e+00
0
0
0
0
0
0
0
0
0
0
9.580054e-01
8.732147e+00
0
0
0
0
0
8.889733e+00
9.452079e+00
0
0
9.866419e+00
0
0
8.526580e+00
0
9.535486e+00
0
0
0
0
7.947350e+00
0
0
0
1.248356e+01
0
0
0
0
0
0
1.189913e+00
1.099404e+01
0
0
0
0
1.112229e+01
9.682801e+00
0
9.327410e+00
0
0
0
0
0
0
2.074792e+01
9.765678e+00
0
9.328530e+00
0
0
1.386290e+01
0
0
0
0
0
0
9.363166e+00
0
1.007552e+01
1.078490e+01
0
0
0
0
0
0
0
1.291342e+01
0
0
1.110192e+01
0
0
0
0
0
0
0
0
0
0
0
0
0
0
0
1.040658e+01
0
1.143340e+01
0
0
1.265882e+01
0
0
0
0
0
0
0
0
4.610166e+02
1.559046e+01
0
3.089121e+01
0
0
9.900178e+00
0
0
0
1.440331e+01
8.353645e+00
0
1.036539e+01
9.219642e+00
9.680300e+00
1.005883e+01
0
0
1.266033e+01
2.665498e-01
0
1.163090e+01
0
0
0
0
0
6.451857e-02
2.137667e+01
0
0
0
0
0
0
0
0
0
0
1.027655e+01
0
0
0
0
0
0
9.947309e+00
0
0
0
0
0
0
0
0
0
0
1.352357e+01
0
0
0
9.769911e+00
9.358197e+00
0
0
8.965239e+00
0
0
0
1.045555e+01
0
1.362587e+01
1.161350e+01
1.158884e+01
0
0
0
0
0
0
1.346692e+01
8.817456e+00
0
1.091217e+01
0
0
0
0
0
0
1.031536e+01
0
0
9.861095e+00
9.365184e+00
0
0
0
9.657970e+00
0
0
0
0
0
1.021912e+01
8.288397e+00
0
0
1.347395e+01
0
0
0
0
9.534232e+00
0
0
0
3.958547e-01
0
0
0
0
0
8.702995e+00
0
1.190485e+01
0
0
0
0
0
0
1.101988e+01
5.611276e-01
0
0
0
0
0
0
1.461199e+01
9.415721e+00
0
0
0
1.130375e+01
5.797516e+00
0
0
0
0
0
0
0
0
9.600560e+00
0
9.660027e+00
3.883595e-02
0
0
0
0
0
1.142725e+01
1.042302e+01
1.042499e+01
0
0
0
0
0
0
0
1.329646e+01
0
0
1.187646e+02
8.454820e+00
0
0
0
0
0
1.191327e+01
0
0
1.024217e+01
0
0
4.400338e+00
0
0
0
0
1.158641e+01
1.138497e+01
0
0
8.043336e+00
0
0
0
0
1.054616e+01
0
0
1.000518e+01
0
0
0
0
0
9.239328e+00
0
0
0
0
0
0
0
0
0
0
1.294499e+01
0
0
0
0
0
0
0
9.607887e+00
0
0
0
0
0
0
0
0
0
8.093250e+00
0
0
0
0
0
0
0
9.979781e+00
0
0
0
1.283265e+01
0
1.077207e+01
0
0
0
0
0
0
0
0
0
8.378308e+00
0
0
9.688532e+00
0
1.128934e+01
0
0
8.552725e+00
0
0
0
0
0
0
0
0
0
1.241349e+05
8.447099e+00
1.127797e+01
0
0
0
0
0
0
1.209449e+01
0
0
8.490676e+00
0
8.944459e+00
0
3.992856e+01
1.244593e+01
0
0
0
9.605718e+00
0
0
0
0
9.824755e+00
0
9.745644e-01
0
0
1.354526e+00
0
0
0
0
1.114668e+01
1.989954e+02
0
1.013090e+01
8.819524e+00
0
0
0
1.222481e+01
0
0
0
8.988985e+00
0
0
0
1.481098e+00
0
0
0
0
0
1.137481e+01
1.168469e+01
0
0
0
0
1.230517e+01
0
0
0
4.389338e-01
0
1.226545e+01
0
0
0
1.083017e+01
0
9.615877e+00
1.027499e+01
8.663066e+00
1.352105e+01
1.184050e+01
0
9.740413e+00
0
0
0
1.356134e+01
0
0
0
1.156873e+01
0
0
0
0
0
0
0
0
0
1.143628e+01
5.821641e+00
0
0
8.451378e+00
1.115703e+01
0
0
0
0
1.243087e+01
0
8.412556e+00
0
1.135394e+01
0
0
0
1.265446e+01
0
0
0
0
7.847075e+00
1.021936e+01
0
0
5.212630e+01
0
8.500700e+00
0
4.805920e-01
1.027404e+01
0
8.517161e+00
9.436001e+00
9.381146e+01
0
1.248900e+01
1.312036e+01
0
0
0
0
0
0
0
0
0
0
0
1.322464e+01
0
8.262246e+01
2.912174e-01
1.439129e+01
0
0
0
0
0
0
1.329635e+01
0
1.299525e+01
0
0
0
0
0
0
0
0
0
9.042499e+00
0
0
0
1.118876e+01
0
0
0
0
1.223025e+01
0
0
0
9.769579e+00
9.735838e+00
9.759589e+00
8.953024e+00
0
0
0
0
0
0
0
0
0
0
1.074534e+01
0
0
1.312787e+01
0
0
8.292698e+00
0
0
0
0
0
7.235596e+01
0
0
8.951603e-01
0
1.229860e+01
0
1.381926e+01
8.583204e+00
0
1.617106e+00
0
0
0
0
0
0
0
8.571088e+00
9.681881e+00
1.011317e+01
0
0
8.521779e+00
0
0
1.063270e+01
8.604489e+00
0
0
0
0
0
0
0
0
0
0
1.130375e+01
0
0
1.356750e+01
0
0
0
0
0
0
0
1.180209e+01
0
0
0
0
0
0
0
0
0
0
0
7.880291e+00
0
9.053145e+00
0
8.364866e+00
0
9.370618e+00
8.095185e+00
0
0
0
0
0
9.251467e+00
0
0
0
0
2.618911e-01
0
7.890254e+00
0
0
0
0
0
0
1.014799e+01
0
0
0
0
0
1.008253e+01
0
9.827866e+00
0
0
1.030843e+01
5.782572e+03
0
0
0
0
0
0
0
9.407602e-01
0
9.595534e+00
1.356882e+01
0
0
0
0
0
0
1.030519e+01
0
0
0
0
0
0
0
0
0
0
0
1.162876e+01
0
0
0
0
0
0
0
0
9.679662e+00
0
8.486321e+00
0
1.076312e+00
8.144452e+00
0
8.449015e+00
0
3.917543e+00
1.227818e+01
6.755778e+00
8.602253e+00
0
1.023802e+01
0
0
0
0
7.292466e+00
9.390571e+00
0
0
0
0
1.354774e+01
0
0
0
8.284122e+00
0
0
0
1.022110e+01
0
1.259175e+01
9.634189e+00
1.037892e+01
0
0
0
0
9.394598e+00
1.249579e+01
0
0
1.262698e+01
0
0
1.091256e+01
0
0
0
0
0
0
0
1.051389e+01
1.286528e+01
0
1.284676e+01
0
0
0
9.550482e+00
1.013090e+01
0
1.234846e+01
1.206905e+01
0
0
0
1.461901e+01
0
9.746038e+00
1.035850e+01
0
0
0
0
0
0
0
5.091627e+01
0
1.004941e+01
0
0
0
0
0
9.834842e+00
0
0
1.078476e+01
0
0
0
0
0
1.024176e+01
0
8.778993e+00
0
0
0
0
0
0
0
0
0
1.187179e+01
0
0
0
0
9.719219e+00
0
7.600267e+00
8.540078e+00
0
0
0
0
0
0
0
1.039987e+01
0
0
0
0
8.787435e+00
0
0
0
0
0
0
8.643659e+00
0
0
0
0
0
0
9.335911e+00
0
1.001470e+01
0
0
0
0
0
0
0
0
0
0
0
0
0
0
0
0
0
0
0
0
0
0
0
0
0
0
0
0
0
0
0
0
0
0
0
0
0
9.521799e+00
0
2.107354e+00
0
0
8.960023e+00
9.201890e+00
0
1.273301e+01
0
0
1.275538e+01
0
1.136485e+01
0
0
0
8.732147e+00
0
8.801457e+00
1.322215e+01
0
1.039773e+01
0
0
0
0
0
0
1.141885e+01
0
0
0
0
0
0
0
0
0
0
0
0
9.452702e+00
0
5.048573e+00
1.063616e+01
8.461455e+00
1.419859e+01
0
0
1.535616e+01
1.559010e+01
0
0
0
1.361218e+01
0
1.924620e+00
0
0
0
0
0
0
0
0
0
0
1.011939e+01
1.094221e+01
0
0
0
8.117872e+00
0
0
1.216181e+01
0
1.029910e+01
0
0
1.987552e-01
8.661049e+00
0
0
0
0
0
0
0
0
0
0
7.455661e+00
1.023697e+01
1.262776e+01
1.382719e+01
0
0
1.041676e+01
0
0
1.348208e+01
9.597852e+00
7.664247e+00
0
0
1.182941e+01
0
0
1.362942e+01
8.379649e+00
1.394281e+01
0
0
0
0
0
0
0
8.696088e+00
0
0
0
8.009522e+00
0
0
0
0
0
0
0
9.325334e+00
0
0
0
0
1.182409e+01
9.984252e+00
1.029218e+01
0
1.189413e+01
0
1.060373e+01
0
0
1.305012e+01
0
0
0
0
1.350369e+01
0
0
0
0
0
0
0
0
0
0
0
2.020118e+01
0
0
0
0
0
9.835139e+00
0
0
0
0
0
9.565302e+00
0
0
0
0
0
1.057565e+01
0
0
0
0
0
0
8.668318e+00
0
0
0
0
0
0
0
9.840745e+00
0
0
0
0
0
0
0
9.349772e+00
0
0
1.121570e+01
0
0
2.977933e-02
0
0
8.682379e+00
0
0
0
0
1.174318e+01
0
1.080542e+01
0
0
8.517946e+00
0
0
0
0
0
0
0
9.953941e+00
0
0
0
1.054287e+01
0
0
0
9.849437e+00
0
1.374186e+01
0
9.513125e+00
9.262458e+00
0
0
1.096055e+01
0
9.640900e+00
0
0
0
0
0
0
1.022427e+01
1.233855e+01
0
0
0
0
0
0
0
0
0
0
0
0
0
1.428260e+01
0
1.158710e+01
8.736856e+00
0
0
0
0
1.015250e+01
0
2.979632e+00
0
0
0
0
0
0
1.037766e+01
0
0
0
0
0
0
0
8.450550e+00
0
0
5.837786e+00
0
0
1.250629e+01
0
0
0
0
0
0
0
1.222577e+02
0
0
8.732147e+00
0
1.245947e+01
0
0
0
0
9.122788e+00
0
0
0
0
0
0
0
1.302198e+01
0
0
0
0
0
9.028819e+00
0
8.163773e+00
0
0
1.255835e+01
0
0
0
0
1.105378e+01
0
0
9.798370e+00
0
0
9.713370e+00
0
0
1.005354e+01
0
1.157823e+01
0
8.412963e+00
0
8.232848e+00
0
0
8.487073e+00
0
0
0
9.337032e+00
8.515103e+00
0
9.491533e+00
0
5.280024e-01
0
7.712462e+00
0
0
0
0
0
0
0
9.990691e+00
0
0
1.288766e+01
9.109174e+00
0
0
0
0
1.403214e+01
1.392045e+01
1.456775e+01
1.471200e+01
1.527453e+01
1.353445e+01
0
1.302815e+01
1.694896e+01
1.475809e+01
1.606172e+01
1.319663e+01
0
1.431522e+01
1.407199e+01
1.428108e+01
1.396906e+01
0
1.355857e+01
1.263580e+01
1.486759e+01
1.490973e+01
0
1.437165e+01
1.316642e+01
1.425151e+01
1.385311e+01
1.342673e+01
1.287156e+01
0
0
1.377541e+01
1.503716e+01
0
1.415620e+01
1.449242e+01
1.370007e+01
1.428851e+01
0
1.467071e+01
1.409459e+01
1.321845e+01
1.322480e+01
1.419340e+01
1.473159e+01
1.273930e+01
1.380230e+01
1.430485e+01
0
1.305670e+01
1.253738e+01
1.379276e+01
0
1.324380e+01
1.428065e+01
1.400307e+01
1.404065e+01
1.494908e+01
1.312291e+01
1.284612e+01
1.376913e+01
1.357932e+01
0
1.368287e+01
1.333733e+01
1.574405e+01
1.385148e+01
1.416453e+01
1.680943e+01
1.387031e+01
1.425512e+01
1.450087e+01
1.444413e+01
1.474084e+01
1.392846e+01
1.229108e+01
1.319728e+01
1.510615e+01
1.333973e+01
1.551495e+01
1.406084e+01
1.474138e+01
1.343300e+01
0
1.480363e+01
0
0
1.336270e+01
1.369149e+01
0
1.439617e+01
1.291774e+01
1.401517e+01
0
1.308290e+01
0
1.311011e+01
1.417221e+01
1.373169e+01
1.453725e+01
1.406838e+01
1.348040e+01
1.635958e+01
0
1.382226e+01
1.654441e+01
1.376643e+01
0
1.307173e+01
0
1.402177e+01
1.446341e+01
1.584924e+01
1.379062e+01
1.380513e+01
0
1.389348e+01
1.489124e+01
1.232592e+01
1.359439e+01
1.495898e+01
0
0
1.293835e+01
1.504023e+01
1.512494e+01
1.396241e+01
1.315869e+01
0
0
0
1.447236e+01
1.558326e+01
1.375405e+01
1.396982e+01
1.355113e+01
1.485334e+01
1.368760e+01
0
1.327559e+01
1.485789e+01
0
0
1.336815e+01
1.350580e+01
1.318887e+01
1.352437e+01
1.394564e+01
1.433800e+01
1.361307e+01
1.407619e+01
1.395554e+01
1.590153e+01
1.566940e+01
0
1.454893e+01
1.542745e+01
1.411372e+01
1.364808e+01
1.433298e+01
1.359859e+01
1.469497e+01
1.364421e+01
0
1.436499e+01
1.449249e+01
1.375179e+01
0
1.565149e+01
1.347057e+01
1.427734e+01
1.263742e+01
1.374314e+01
1.325747e+01
1.458897e+01
1.358916e+01
1.329317e+01
1.409942e+01
1.373496e+01
1.431421e+01
1.414842e+01
0
0
1.378979e+01
0
1.716597e+01
1.465625e+01
1.348391e+01
0
1.412207e+01
1.557213e+01
0
1.393685e+01
1.377714e+01
1.308232e+01
1.459636e+01
1.547710e+01
1.473821e+01
1.352780e+01
1.428572e+01
1.332753e+01
1.321544e+01
1.407044e+01
1.405184e+01
1.305162e+01
1.374254e+01
1.397129e+01
1.282691e+01
1.583551e+01
0
1.439867e+01
1.437982e+01
1.502551e+01
1.429427e+01
1.689854e+01
1.289182e+01
0
1.447197e+01
1.510449e+01
1.547145e+01
0
1.420522e+01
1.351443e+01
1.478007e+01
0
1.502983e+01
1.349072e+01
1.342767e+01
1.363038e+01
1.273356e+01
1.821570e+01
1.380177e+01
0
1.398987e+01
1.425650e+01
0
1.420670e+01
1.413192e+01
0
1.322295e+01
0
1.355152e+01
1.252638e+01
0
0
1.277682e+01
1.403971e+01
1.411159e+01
1.445293e+01
1.398569e+01
1.513100e+01
1.338684e+01
1.398589e+01
0
1.473690e+01
0
1.366373e+01
1.415912e+01
1.246580e+01
0
0
1.525647e+01
0
1.345858e+01
1.433514e+01
1.465889e+01
1.400624e+01
1.365176e+01
1.346481e+01
0
1.359627e+01
0
1.324702e+01
1.527550e+01
1.379728e+01
1.551828e+01
1.428036e+01
1.374895e+01
1.308448e+01
1.400430e+01
1.596036e+01
1.597643e+01
1.453291e+01
1.376104e+01
0
1.362866e+01
0
1.292081e+01
1.288917e+01
1.443434e+01
1.598586e+01
1.448835e+01
1.427602e+01
1.414592e+01
1.378410e+01
0
1.359704e+01
1.339587e+01
1.375696e+01
1.317048e+01
1.331686e+01
1.353195e+01
1.439431e+01
1.459995e+01
1.470766e+01
0
1.312336e+01
1.429750e+01
1.506919e+01
1.318292e+01
1.536838e+01
0
1.313981e+01
0
0
1.484644e+01
1.384236e+01
0
0
1.569118e+01
1.377095e+01
0
1.341968e+01
1.356667e+01
1.418011e+01
1.372830e+01
0
1.360601e+01
1.364864e+01
0
1.503732e+01
1.500280e+01
1.300344e+01
1.336494e+01
1.445676e+01
0
0
1.078776e+01
1.439314e+01
1.339022e+01
1.394651e+01
1.382192e+01
0
1.648294e+01
1.621538e+01
0
0
1.313829e+01
0
1.491169e+01
0
1.402279e+01
0
0
0
0
1.480944e+01
1.590673e+01
0
1.625419e+01
1.305144e+01
1.399541e+01
0
1.351832e+01
1.305613e+01
1.333979e+01
0
1.539296e+01
1.594852e+01
0
1.295522e+01
1.403384e+01
1.358255e+01
1.262737e+01
0
1.374659e+01
1.364864e+01
1.361237e+01
0
1.269414e+01
0
0
1.259780e+01
1.407878e+01
0
1.484093e+01
1.330549e+01
0
0
1.411544e+01
0
1.365205e+01
1.465935e+01
1.534685e+01
1.316918e+01
1.337768e+01
1.547413e+01
0
1.357980e+01
1.606900e+01
1.423227e+01
1.438570e+01
1.408982e+01
1.352631e+01
1.432573e+01
1.433321e+01
0
1.314583e+01
1.461587e+01
1.386073e+01
1.642295e+01
0
1.424936e+01
1.442168e+01
1.374953e+01
1.587450e+01
0
1.387976e+01
1.597218e+01
1.312230e+01
1.373782e+01
1.332025e+01
1.327563e+01
1.610383e+01
1.431089e+01
1.593429e+01
1.333311e+01
1.327567e+01
0
0
0
1.359849e+01
1.474999e+01
1.489407e+01
1.413840e+01
1.367319e+01
1.379689e+01
1.393254e+01
1.426860e+01
1.400277e+01
1.340237e+01
1.322005e+01
1.418234e+01
1.439439e+01
0
1.526928e+01
1.393660e+01
1.318089e+01
0
1.338109e+01
1.479879e+01
0
1.476992e+01
1.367139e+01
1.482929e+01
1.517824e+01
1.174492e+01
1.604735e+01
1.642295e+01
1.453888e+01
1.297131e+01
1.438107e+01
1.463324e+01
1.466669e+01
1.330549e+01
1.441905e+01
0
1.314869e+01
1.370226e+01
1.632015e+01
1.356432e+01
1.371832e+01
1.476561e+01
1.434078e+01
1.372362e+01
1.385837e+01
0
1.363394e+01
1.670354e+01
1.463025e+01
1.266703e+01
0
1.706647e+01
0
1.269081e+01
1.414551e+01
1.364864e+01
1.490697e+01
1.390291e+01
1.567506e+01
0
1.403705e+01
0
0
1.361548e+01
1.492859e+01
1.292680e+01
0
0
1.374580e+01
1.501534e+01
1.489816e+01
1.413163e+01
1.581260e+01
0
0
0
1.415534e+01
1.353453e+01
1.326293e+01
1.311765e+01
1.466438e+01
0
1.387006e+01
1.264150e+01
1.378048e+01
1.466334e+01
1.403187e+01
1.554720e+01
0
1.368080e+01
0
1.510542e+01
0
0
1.457391e+01
1.299638e+01
0
1.424285e+01
1.473735e+01
1.362272e+01
1.377078e+01
1.339265e+01
1.413111e+01
0
1.419240e+01
0
1.399274e+01
1.419093e+01
1.640576e+01
1.362696e+01
0
1.263529e+01
1.430625e+01
1.364306e+01
0
0
1.420056e+01
0
0
1.468626e+01
1.397093e+01
1.424792e+01
1.297454e+01
1.407808e+01
0
1.347749e+01
1.345391e+01
1.245724e+01
1.324156e+01
1.466822e+01
1.415181e+01
1.381961e+01
1.453025e+01
0
1.367566e+01
1.445115e+01
1.399950e+01
1.405122e+01
1.520918e+01
1.406137e+01
1.502270e+01
1.439542e+01
1.673371e+01
1.384907e+01
0
1.360444e+01
1.317064e+01
1.351834e+01
0
0
0
1.485426e+01
1.624214e+01
0
1.378267e+01
1.315400e+01
1.375160e+01
1.606172e+01
1.319528e+01
1.365226e+01
1.525222e+01
0
0
1.517864e+01
0
1.277088e+01
1.378237e+01
0
1.489407e+01
1.310685e+01
1.323510e+01
1.497738e+01
1.379062e+01
1.348262e+01
1.534947e+01
1.367642e+01
1.325419e+01
1.334410e+01
0
1.435508e+01
1.329624e+01
1.428124e+01
1.531018e+01
1.580789e+01
1.341131e+01
1.344412e+01
1.606981e+01
0
0
1.609863e+01
0
1.407302e+01
0
1.419500e+01
1.334901e+01
1.397806e+01
1.402736e+01
1.388556e+01
1.305331e+01
1.365319e+01
1.428572e+01
1.407769e+01
1.598977e+01
1.480944e+01
1.459668e+01
0
1.413951e+01
1.458310e+01
1.582981e+01
0
0
1.214439e+01
1.456533e+01
0
0
1.458107e+01
0
1.377230e+01
0
0
0
1.404099e+01
1.379176e+01
1.389623e+01
1.414822e+01
1.317156e+01
1.302139e+01
0
1.469633e+01
1.291995e+01
1.444410e+01
1.385306e+01
1.410819e+01
0
0
1.271475e+01
0
1.555901e+01
1.415620e+01
1.380983e+01
1.402668e+01
1.423943e+01
1.381260e+01
1.337022e+01
1.377744e+01
1.399119e+01
1.371772e+01
0
1.358838e+01
1.568738e+01
1.313600e+01
0
1.563281e+01
1.479413e+01
1.559826e+01
0
1.386641e+01
1.407677e+01
1.396650e+01
1.425843e+01
1.368070e+01
1.642631e+01
1.403952e+01
1.288061e+01
1.477368e+01
1.483381e+01
1.374729e+01
1.346853e+01
1.404148e+01
0
1.364029e+01
1.364864e+01
1.387133e+01
0
1.204116e+01
1.583344e+01
1.345426e+01
1.284521e+01
1.407578e+01
1.383768e+01
1.423218e+01
1.515820e+01
0
1.281260e+01
1.444309e+01
1.556409e+01
0
1.283544e+01
1.415428e+01
1.393209e+01
1.341204e+01
1.465051e+01
0
1.406084e+01
1.439442e+01
1.408508e+01
1.438176e+01
0
0
1.399791e+01
1.480534e+01
0
1.362170e+01
1.401942e+01
1.389434e+01
1.522808e+01
1.409016e+01
1.330549e+01
1.318665e+01
1.403380e+01
1.492982e+01
1.385704e+01
1.618109e+01
0
1.403080e+01
0
1.453466e+01
1.445293e+01
1.256976e+01
1.528725e+01
1.359250e+01
1.387024e+01
1.259593e+01
1.407591e+01
1.274138e+01
0
1.428966e+01
1.346148e+01
1.408454e+01
0
0
1.313579e+01
0
0
1.467789e+01
1.450981e+01
1.478537e+01
1.387417e+01
0
1.280817e+01
1.459447e+01
1.290422e+01
1.706023e+01
1.336725e+01
1.359807e+01
0
1.398292e+01
1.540680e+01
1.486053e+01
0
0
0
1.416986e+01
0
0
0
1.286720e+01
1.366614e+01
0
1.266660e+01
1.362555e+01
0
1.497291e+01
1.605283e+01
0
1.457520e+01
1.438199e+01
1.379358e+01
0
1.513721e+01
1.347493e+01
1.553485e+01
1.570630e+01
1.415034e+01
0
1.454789e+01
0
0
0
0
1.355093e+01
1.560013e+01
1.346705e+01
1.407286e+01
1.368852e+01
0
1.314117e+01
0
1.369634e+01
1.371425e+01
0
1.390592e+01
1.528553e+01
1.322064e+01
0
1.308453e+01
1.398356e+01
0
1.276933e+01
0
1.359755e+01
1.507932e+01
0
1.388313e+01
1.351269e+01
0
1.391047e+01
0
1.330447e+01
1.547597e+01
1.317443e+01
1.365896e+01
1.418467e+01
0
0
0
1.395715e+01
1.363947e+01
1.368704e+01
1.447506e+01
1.534437e+01
1.390871e+01
1.409431e+01
1.385103e+01
1.219927e+01
1.559362e+01
1.400466e+01
0
0
1.327904e+01
1.562957e+01
1.453937e+01
1.461065e+01
0
1.372095e+01
1.664724e+01
1.424150e+01
1.293516e+01
1.393293e+01
1.479156e+01
1.433204e+01
1.357439e+01
0
0
1.341040e+01
1.341706e+01
1.232250e+01
0
1.456717e+01
2.684714e+01
1.342771e+01
1.390594e+01
1.508404e+01
1.598586e+01
1.423778e+01
1.377940e+01
1.318425e+01
1.430528e+01
1.429128e+01
1.455351e+01
0
0
1.342415e+01
1.320709e+01
1.403038e+01
0
0
9.159094e+00
1.615485e+01
1.514731e+01
0
0
0
1.381338e+01
1.360848e+01
1.436127e+01
1.520074e+01
1.288820e+01
1.516593e+01
1.475100e+01
0
1.464223e+01
1.398702e+01
1.343496e+01
1.359772e+01
1.374913e+01
1.394063e+01
1.354271e+01
1.531075e+01
1.348762e+01
1.373395e+01
1.310231e+01
1.437138e+01
0
0
0
1.491169e+01
1.417325e+01
1.416975e+01
1.433201e+01
1.441140e+01
1.378389e+01
1.310889e+01
1.508786e+01
1.443934e+01
1.442827e+01
1.335115e+01
1.540498e+01
0
0
1.402060e+01
0
1.541665e+01
1.404160e+01
0
1.520124e+01
1.373195e+01
1.445635e+01
0
1.277468e+01
1.397375e+01
1.328193e+01
1.291597e+01
0
1.324018e+01
1.455642e+01
0
1.508545e+01
0
1.425161e+01
1.311082e+01
1.556376e+01
1.499172e+01
1.474592e+01
1.425786e+01
1.475845e+01
1.424640e+01
0
0
1.455850e+01
0
0
0
1.416200e+01
1.328329e+01
1.454507e+01
1.400867e+01
1.433428e+01
1.498910e+01
1.363053e+01
1.342392e+01
1.355529e+01
1.425101e+01
1.458735e+01
1.459293e+01
1.368701e+01
1.646076e+01
1.364864e+01
1.378030e+01
1.326344e+01
1.471922e+01
1.380230e+01
1.351994e+01
1.316290e+01
1.279249e+01
0
1.478340e+01
1.473819e+01
1.409449e+01
1.507141e+01
0
1.433993e+01
0
1.329914e+01
0
0
1.357804e+01
1.687464e+01
1.340147e+01
1.360857e+01
1.444263e+01
1.325825e+01
1.653705e+01
0
0
1.417665e+01
0
1.332057e+01
1.380354e+01
1.363313e+01
0
0
0
0
1.565273e+01
1.488448e+01
1.481904e+01
1.254754e+01
1.355147e+01
1.443801e+01
0
1.509222e+01
0
0
1.373922e+01
1.405184e+01
1.304551e+01
1.519582e+01
1.386719e+01
1.415709e+01
1.324385e+01
1.305493e+01
1.513860e+01
0
1.363176e+01
0
1.396441e+01
0
1.423096e+01
1.458474e+01
1.328894e+01
1.355288e+01
0
1.362173e+01
1.135621e+01
1.379693e+01
1.289868e+01
1.349782e+01
1.419977e+01
1.322019e+01
1.326597e+01
1.675755e+01
1.363982e+01
0
1.498994e+01
1.398213e+01
1.406764e+01
1.350146e+01
1.361666e+01
1.197993e+01
1.405585e+01
1.300083e+01
0
1.350694e+01
1.394107e+01
1.280802e+01
1.469678e+01
1.368288e+01
1.480944e+01
0
1.604938e+01
1.387911e+01
0
1.268995e+01
1.360580e+01
0
1.527476e+01
1.529184e+01
1.341672e+01
1.489407e+01
1.379745e+01
1.470627e+01
0
1.570379e+01
1.398482e+01
1.407714e+01
1.371360e+01
0
1.544959e+01
1.354216e+01
1.296274e+01
1.394107e+01
1.484305e+01
1.411996e+01
0
1.349508e+01
1.418310e+01
1.404685e+01
1.367868e+01
1.270179e+01
1.452818e+01
1.362874e+01
1.349571e+01
1.494226e+01
1.612236e+01
1.449854e+01
1.475809e+01
0
1.520636e+01
0
1.384325e+01
1.602333e+01
1.360464e+01
0
1.423826e+01
1.348752e+01
1.508894e+01
1.347231e+01
0
0
0
0
1.416679e+01
1.413792e+01
0
1.362649e+01
1.330101e+01
0
0
1.538433e+01
1.476325e+01
1.522432e+01
1.349349e+01
1.405015e+01
0
0
0
0
0
0
1.519037e+01
1.370921e+01
1.548856e+01
1.406946e+01
0
1.479653e+01
1.457195e+01
0
1.401163e+01
1.371308e+01
1.627451e+01
1.319921e+01
0
1.516592e+01
0
1.408518e+01
1.487237e+01
0
1.327794e+01
1.452461e+01
1.322866e+01
0
0
1.416383e+01
1.356806e+01
0
1.380428e+01
1.342186e+01
1.390428e+01
1.585386e+01
0
1.394777e+01
1.296065e+01
1.358356e+01
1.352974e+01
1.361396e+01
0
1.454712e+01
0
0
0
0
0
0
1.244922e+01
1.446935e+01
1.749145e+01
1.456666e+01
1.344439e+01
0
0
0
1.394909e+01
1.372628e+01
1.555378e+01
1.420801e+01
0
1.324708e+01
1.310082e+01
1.352309e+01
1.315518e+01
1.368861e+01
0
0
0
1.318554e+01
1.519984e+01
1.357793e+01
0
1.325054e+01
1.550820e+01
1.471800e+01
1.308852e+01
0
0
1.372929e+01
0
1.318631e+01
1.499401e+01
1.052556e+01
1.550216e+01
1.443186e+01
1.434806e+01
1.477209e+01
1.324188e+01
1.254827e+01
1.427373e+01
1.334005e+01
1.364864e+01
1.092236e+01
1.502670e+01
1.373480e+01
0
1.320618e+01
1.247556e+01
1.322957e+01
1.438837e+01
1.518039e+01
0
0
1.332994e+01
0
1.321107e+01
1.515971e+01
1.300290e+01
1.406936e+01
1.502948e+01
1.437081e+01
1.642762e+01
1.421676e+01
0
1.430192e+01
1.372805e+01
1.554474e+01
1.577913e+01
1.493041e+01
1.386441e+01
1.367541e+01
1.652951e+01
1.301031e+01
1.332718e+01
1.456354e+01
0
1.375442e+01
0
1.244272e+01
1.566108e+01
1.334352e+01
1.538259e+01
0
0
1.437865e+01
1.497606e+01
1.509269e+01
1.345743e+01
1.317597e+01
1.292351e+01
1.358632e+01
1.371360e+01
1.345328e+01
1.396309e+01
1.357686e+01
1.323136e+01
1.329988e+01
0
0
1.436745e+01
1.312626e+01
1.440323e+01
1.413607e+01
0
1.244440e+01
1.362548e+01
1.413574e+01
1.381542e+01
0
1.379878e+01
1.370405e+01
1.460195e+01
1.502744e+01
0
0
0
1.350801e+01
0
1.380133e+01
0
0
1.350587e+01
0
1.580152e+01
1.415428e+01
1.487502e+01
1.453616e+01
0
1.429759e+01
1.319470e+01
1.342142e+01
0
1.272273e+01
0
1.371521e+01
1.296699e+01
1.406243e+01
1.484144e+01
1.517624e+01
0
0
0
1.285899e+01
1.371410e+01
0
0
1.375562e+01
1.387638e+01
1.335531e+01
1.495542e+01
0
1.258322e+01
1.385915e+01
0
1.530164e+01
0
1.413033e+01
1.355936e+01
1.412269e+01
0
0
1.404754e+01
1.527775e+01
1.541859e+01
1.542872e+01
1.352960e+01
1.330225e+01
1.430565e+01
1.484071e+01
1.436896e+01
1.312345e+01
0
1.662274e+01
1.348046e+01
0
1.274648e+01
1.435284e+01
0
1.374771e+01
1.355850e+01
1.539327e+01
1.411538e+01
1.445406e+01
1.350067e+01
1.342286e+01
1.201299e+01
0
0
1.292676e+01
1.398911e+01
0
0
0
1.497025e+01
1.507324e+01
1.364864e+01
0
1.307640e+01
1.355583e+01
1.328066e+01
1.386107e+01
1.330549e+01
1.437115e+01
0
1.352623e+01
0
0
1.412282e+01
1.274651e+01
0
1.325934e+01
1.468183e+01
0
1.552074e+01
1.315801e+01
0
1.352903e+01
1.342009e+01
1.392359e+01
1.361297e+01
1.395166e+01
0
1.300441e+01
1.407504e+01
0
0
1.319876e+01
1.392394e+01
1.465573e+01
0
1.283393e+01
1.297508e+01
0
1.597988e+01
1.370389e+01
0
0
0
1.421326e+01
1.578318e+01
1.593959e+01
1.417178e+01
0
1.356731e+01
1.423109e+01
0
0
1.367159e+01
1.389031e+01
1.577771e+01
1.390211e+01
0
0
0
1.389355e+01
1.271159e+01
1.521510e+01
1.439356e+01
1.367039e+01
1.309902e+01
0
0
0
1.356884e+01
1.512818e+01
0
1.235196e+01
0
1.361504e+01
1.293343e+01
1.304074e+01
1.413084e+01
1.410414e+01
1.446245e+01
1.336187e+01
0
1.350907e+01
1.210207e+01
1.390549e+01
1.329046e+01
0
0
1.445327e+01
0
0
1.459040e+01
1.379315e+01
1.303415e+01
1.365057e+01
0
1.436764e+01
1.381377e+01
1.515545e+01
0
1.261065e+01
1.473169e+01
0
1.406193e+01
1.589086e+01
0
1.341422e+01
0
0
1.438271e+01
1.417821e+01
0
1.430192e+01
0
0
0
1.326750e+01
1.495735e+01
1.588474e+01
1.422730e+01
1.392706e+01
0
1.381216e+01
1.425101e+01
1.371360e+01
1.388014e+01
0
1.404247e+01
1.428823e+01
1.396435e+01
0
1.319199e+01
1.325456e+01
1.412187e+01
1.346475e+01
1.420887e+01
1.321156e+01
1.525395e+01
1.498131e+01
0
1.512308e+01
1.337275e+01
1.261065e+01
0
1.393886e+01
0
1.362874e+01
1.286104e+01
0
1.533935e+01
1.331664e+01
1.376347e+01
0
1.390157e+01
0
0
0
0
1.262879e+01
0
1.406084e+01
1.227511e+01
0
0
0
1.306184e+01
1.415791e+01
1.398638e+01
1.485365e+01
0
1.340786e+01
1.578907e+01
0
0
1.386514e+01
1.368138e+01
1.375674e+01
1.393416e+01
1.432380e+01
0
1.365319e+01
1.583799e+01
1.369711e+01
1.337934e+01
1.470926e+01
1.236738e+01
0
1.459124e+01
1.336326e+01
1.505675e+01
1.397886e+01
1.394635e+01
1.392667e+01
1.534365e+01
1.389411e+01
1.542316e+01
1.440080e+01
1.413802e+01
0
1.516376e+01
1.420357e+01
1.344566e+01
1.434290e+01
1.461776e+01
0
0
1.387962e+01
1.415620e+01
0
1.344298e+01
1.306213e+01
1.369181e+01
1.313600e+01
1.409462e+01
0
1.389393e+01
1.342568e+01
0
1.316274e+01
1.445263e+01
1.443293e+01
1.365319e+01
1.376823e+01
1.620847e+01
1.335376e+01
0
1.489407e+01
1.358338e+01
1.572505e+01
1.350289e+01
0
1.350201e+01
1.364421e+01
1.111448e+01
0
1.384121e+01
1.364469e+01
1.413863e+01
1.470627e+01
0
1.605594e+01
1.365180e+01
0
1.372706e+01
0
1.320974e+01
1.461911e+01
0
1.356012e+01
1.264967e+01
1.454712e+01
1.478007e+01
1.280994e+01
1.458936e+01
1.436368e+01
1.326307e+01
1.529556e+01
1.279926e+01
1.362739e+01
1.381472e+01
1.615485e+01
1.373395e+01
0
1.395834e+01
1.519777e+01
1.438319e+01
1.300987e+01
1.617112e+01
1.542337e+01
1.624538e+01
1.396302e+01
1.400330e+01
1.437947e+01
1.396946e+01
1.501988e+01
1.408747e+01
0
1.316820e+01
1.497480e+01
0
1.372842e+01
1.487924e+01
0
1.386229e+01
0
1.614653e+01
0
1.478007e+01
0
0
1.508545e+01
1.316468e+01
0
1.400000e+01
1.321552e+01
1.449740e+01
1.573719e+01
1.436786e+01
1.330549e+01
1.304225e+01
0
1.333552e+01
1.393727e+01
1.401315e+01
1.391894e+01
1.514212e+01
1.391613e+01
1.348968e+01
0
1.388870e+01
1.441669e+01
1.617811e+01
0
1.392959e+01
1.364144e+01
1.490226e+01
1.350297e+01
0
1.353781e+01
1.386514e+01
1.281784e+01
1.392303e+01
1.506591e+01
0
1.376348e+01
1.391675e+01
1.382474e+01
0
1.272590e+01
1.619396e+01
1.582876e+01
1.376783e+01
1.437165e+01
0
1.294011e+01
1.362555e+01
0
1.343234e+01
1.341089e+01
1.372830e+01
1.320126e+01
1.413365e+01
1.499561e+01
1.376692e+01
1.327767e+01
1.583979e+01
1.431153e+01
1.336270e+01
1.316966e+01
1.411887e+01
1.338173e+01
1.292499e+01
1.302616e+01
1.374425e+01
1.454581e+01
0
1.386459e+01
1.450402e+01
1.464947e+01
1.425305e+01
1.426633e+01
0
0
1.471924e+01
1.371887e+01
1.661670e+01
0
1.364864e+01
1.372813e+01
1.398464e+01
0
1.370709e+01
1.529666e+01
1.327977e+01
1.429506e+01
1.420046e+01
1.312679e+01
1.481989e+01
1.385061e+01
0
1.258555e+01
0
1.371360e+01
1.337395e+01
1.282113e+01
1.608330e+01
1.412408e+01
0
0
1.341831e+01
1.428815e+01
0
0
1.400196e+01
0
1.341199e+01
1.358101e+01
1.471143e+01
1.598478e+01
1.364864e+01
1.442688e+01
1.621535e+01
1.348940e+01
1.420663e+01
0
1.312948e+01
0
1.257819e+01
0
1.489407e+01
0
1.334160e+01
1.371768e+01
1.341140e+01
1.230347e+01
1.393655e+01
1.474828e+01
0
0
0
0
1.474576e+01
1.280345e+01
1.460118e+01
1.462304e+01
1.489784e+01
1.610828e+01
1.631876e+01
1.328688e+01
1.422577e+01
1.489407e+01
1.452495e+01
1.494195e+01
1.571445e+01
1.412969e+01
1.466324e+01
1.384093e+01
1.359468e+01
1.349768e+01
1.500155e+01
1.456587e+01
1.397230e+01
0
1.361550e+01
0
1.328956e+01
0
1.268385e+01
1.291781e+01
1.510449e+01
1.497987e+01
1.377412e+01
0
1.353060e+01
1.448112e+01
1.385595e+01
0
1.495913e+01
1.599801e+01
1.409073e+01
1.326689e+01
1.352396e+01
0
1.285069e+01
0
0
1.438570e+01
1.476979e+01
0
1.541268e+01
0
1.507122e+01
1.339588e+01
1.304282e+01
1.434420e+01
1.396368e+01
1.363988e+01
1.381934e+01
1.363569e+01
0
0
0
1.467684e+01
1.365985e+01
1.446919e+01
0
0
1.286413e+01
1.471059e+01
0
1.474999e+01
1.339343e+01
1.299538e+01
1.304734e+01
0
1.316522e+01
1.559364e+01
1.350510e+01
0
0
1.382682e+01
1.433477e+01
0
1.586547e+01
0
1.623772e+01
1.310057e+01
0
1.339069e+01
1.525492e+01
1.468808e+01
0
1.581912e+01
0
1.286189e+01
1.435688e+01
1.375785e+01
1.338538e+01
1.330549e+01
1.451518e+01
1.421937e+01
1.296117e+01
0
1.411422e+01
1.344928e+01
1.399077e+01
1.422654e+01
1.416169e+01
1.619710e+01
0
0
1.365319e+01
1.248780e+01
1.438211e+01
0
1.473985e+01
1.418032e+01
1.545774e+01
1.341651e+01
1.399794e+01
1.376901e+01
1.464491e+01
0
1.359567e+01
1.331336e+01
1.383861e+01
0
1.300404e+01
1.336567e+01
0
1.452453e+01
0
1.437109e+01
1.421179e+01
1.532013e+01
1.432945e+01
1.411780e+01
1.353989e+01
1.419831e+01
1.326771e+01
0
0
1.282855e+01
1.365704e+01
1.330235e+01
1.292613e+01
1.531281e+01
1.420900e+01
1.424090e+01
1.388861e+01
1.439103e+01
1.327961e+01
0
0
0
1.314702e+01
1.279206e+01
1.436126e+01
1.384920e+01
1.341740e+01
1.441633e+01
1.317788e+01
1.499631e+01
1.405184e+01
1.336749e+01
1.374752e+01
1.414605e+01
1.364222e+01
1.421710e+01
1.419491e+01
1.456401e+01
1.383323e+01
1.516232e+01
1.432655e+01
1.368417e+01
1.689526e+01
1.355900e+01
1.513722e+01
1.563343e+01
1.505567e+01
1.507226e+01
1.373742e+01
1.366796e+01
1.395610e+01
1.306167e+01
0
1.393237e+01
1.527669e+01
1.420058e+01
1.311923e+01
0
0
0
1.372830e+01
1.416988e+01
1.310095e+01
1.472891e+01
0
0
1.499559e+01
1.322688e+01
1.413187e+01
0
1.493615e+01
1.457085e+01
1.363912e+01
1.370461e+01
1.447352e+01
0
1.375402e+01
1.317237e+01
1.403295e+01
1.362962e+01
0
0
1.351742e+01
1.353174e+01
0
1.271608e+01
1.279537e+01
1.447729e+01
1.399747e+01
1.389507e+01
1.381843e+01
1.461668e+01
1.365319e+01
0
0
1.334887e+01
1.389559e+01
0
1.446745e+01
1.456645e+01
1.401771e+01
1.424686e+01
1.481316e+01
1.515553e+01
0
1.337757e+01
1.451095e+01
0
1.337908e+01
1.383858e+01
1.391613e+01
1.380668e+01
0
1.371360e+01
1.319190e+01
0
0
1.351282e+01
1.441297e+01
1.392964e+01
0
0
0
0
0
1.391719e+01
1.523786e+01
0
0
0
1.538645e+01
1.355539e+01
0
1.394709e+01
1.348261e+01
1.385894e+01
1.679839e+01
1.349814e+01
1.459179e+01
1.398147e+01
1.349540e+01
1.435510e+01
1.707487e+01
1.588260e+01
1.348554e+01
1.338613e+01
1.259657e+01
0
1.509041e+01
1.333526e+01
1.413192e+01
1.430478e+01
1.532602e+01
1.392185e+01
1.358987e+01
1.540775e+01
1.414383e+01
1.388686e+01
1.414873e+01
1.293614e+01
1.506270e+01
1.320359e+01
0
1.195565e+01
1.321450e+01
1.504373e+01
1.419639e+01
1.363673e+01
0
1.272472e+01
1.381458e+01
1.576068e+01
1.331896e+01
1.291682e+01
1.457520e+01
0
1.344037e+01
1.497820e+01
1.312356e+01
0
1.432504e+01
0
1.386015e+01
0
1.470340e+01
1.513684e+01
1.567828e+01
0
1.388925e+01
1.353552e+01
1.496012e+01
1.383323e+01
1.315295e+01
1.341404e+01
0
1.542457e+01
1.363801e+01
1.344767e+01
1.497155e+01
1.320801e+01
1.405184e+01
1.335612e+01
0
1.329204e+01
0
0
0
0
1.416633e+01
1.309035e+01
1.432453e+01
1.265934e+01
0
1.422579e+01
1.324416e+01
0
1.496796e+01
1.422386e+01
0
1.403763e+01
1.364197e+01
1.317750e+01
0
1.386049e+01
1.442747e+01
0
1.390076e+01
1.453672e+01
0
1.389916e+01
1.423801e+01
0
0
1.470627e+01
1.396631e+01
1.333497e+01
1.651649e+01
1.429742e+01
0
1.476116e+01
1.277838e+01
1.366602e+01
0
0
1.316730e+01
0
1.428070e+01
1.326132e+01
1.524542e+01
1.401315e+01
1.283941e+01
0
0
1.294194e+01
1.345572e+01
0
1.388063e+01
1.600153e+01
1.458284e+01
1.542542e+01
0
0
1.364159e+01
1.424450e+01
1.294943e+01
1.151386e+01
0
1.450359e+01
0
1.423856e+01
1.615630e+01
0
1.606172e+01
1.402962e+01
1.341692e+01
0
1.352184e+01
1.329424e+01
1.409814e+01
1.368004e+01
0
0
1.419340e+01
0
1.282284e+01
1.366566e+01
1.417306e+01
1.478571e+01
1.390751e+01
1.377507e+01
1.448041e+01
1.365319e+01
1.384314e+01
1.383815e+01
1.327794e+01
1.273427e+01
1.347744e+01
1.344062e+01
0
1.364864e+01
0
1.357709e+01
1.294768e+01
0
1.285121e+01
1.473456e+01
1.639924e+01
0
1.399362e+01
1.425941e+01
0
0
0
1.441935e+01
1.108099e+01
1.325926e+01
1.287741e+01
1.334058e+01
0
1.320238e+01
1.347372e+01
1.315376e+01
1.398914e+01
1.489407e+01
0
1.371231e+01
0
1.336481e+01
1.606172e+01
0
1.556089e+01
0
0
1.356100e+01
0
1.490401e+01
1.443092e+01
1.461415e+01
1.382357e+01
1.510449e+01
1.525275e+01
1.497158e+01
1.423218e+01
0
1.342632e+01
1.374658e+01
1.547677e+01
1.479203e+01
1.364864e+01
1.507336e+01
0
1.453583e+01
1.383246e+01
1.350588e+01
1.365319e+01
1.454762e+01
1.268706e+01
1.422860e+01
1.419631e+01
0
0
0
1.502417e+01
1.598586e+01
0
1.268954e+01
0
1.339167e+01
1.459546e+01
0
1.506186e+01
1.428134e+01
1.449233e+01
0
1.431955e+01
0
1.431381e+01
1.446142e+01
1.343836e+01
1.343496e+01
1.455226e+01
1.322202e+01
0
1.371360e+01
1.232057e+01
0
1.438231e+01
1.515299e+01
1.434589e+01
1.377679e+01
0
0
1.576443e+01
1.424997e+01
1.447768e+01
1.393568e+01
0
0
1.460932e+01
1.325553e+01
1.439155e+01
1.341114e+01
0
0
0
1.494879e+01
1.601995e+01
1.461367e+01
1.387906e+01
0
1.357047e+01
1.331669e+01
1.456543e+01
1.380933e+01
0
1.466456e+01
1.396411e+01
1.325888e+01
1.391821e+01
1.350079e+01
1.371360e+01
0
1.641011e+01
1.388228e+01
1.413302e+01
1.217761e+01
1.359520e+01
0
1.347044e+01
0
1.324202e+01
0
1.675160e+01
0
1.503038e+01
1.440212e+01
1.340072e+01
1.310899e+01
1.468029e+01
1.427965e+01
1.592762e+01
1.420528e+01
1.398024e+01
0
1.406031e+01
1.554791e+01
1.398071e+01
1.419520e+01
1.708258e+01
1.383467e+01
1.263924e+01
1.400320e+01
1.443720e+01
1.561267e+01
1.283093e+01
1.446578e+01
1.424359e+01
0
1.459906e+01
0
1.304784e+01
0
1.418087e+01
1.477536e+01
1.247977e+01
1.446215e+01
0
0
1.646336e+01
0
1.407194e+01
1.409866e+01
1.385363e+01
1.476936e+01
1.405384e+01
1.455185e+01
1.450647e+01
0
0
1.252049e+01
1.333973e+01
1.350042e+01
1.214507e+01
0
0
0
2.884114e+01
0
1.446538e+01
0
0
0
1.409494e+01
0
0
1.291607e+01
1.594676e+01
0
0
1.389062e+01
1.377539e+01
1.470271e+01
1.348644e+01
1.528647e+01
1.350951e+01
0
1.398341e+01
1.558340e+01
1.358881e+01
1.487900e+01
1.507345e+01
1.383559e+01
1.357155e+01
1.593290e+01
1.383359e+01
1.420884e+01
1.470627e+01
1.353032e+01
1.388362e+01
1.528941e+01
1.419778e+01
1.311510e+01
0
0
1.359804e+01
1.582328e+01
1.269272e+01
1.540680e+01
1.366058e+01
0
1.307656e+01
1.444161e+01
1.460341e+01
1.381002e+01
0
1.444603e+01
1.343601e+01
1.624753e+01
1.510832e+01
1.598586e+01
0
0
0
1.456081e+01
1.642295e+01
1.414959e+01
0
0
1.221746e+01
0
1.404904e+01
1.302409e+01
1.405847e+01
1.406490e+01
1.241687e+01
1.333253e+01
1.417078e+01
1.445398e+01
1.313142e+01
1.472286e+01
1.283247e+01
1.556087e+01
0
1.309708e+01
1.361297e+01
1.321156e+01
1.303800e+01
0
1.312147e+01
0
1.372427e+01
0
1.290979e+01
0
1.309994e+01
1.391476e+01
1.576140e+01
1.364864e+01
0
1.492298e+01
1.514872e+01
1.324898e+01
1.477478e+01
0
1.664453e+01
1.413260e+01
1.433690e+01
1.453931e+01
1.216299e+01
1.317941e+01
1.402870e+01
0
1.493561e+01
1.199923e+01
1.344478e+01
0
0
1.327300e+01
1.381559e+01
1.598586e+01
1.406273e+01
1.450287e+01
0
1.455426e+01
1.441930e+01
1.480944e+01
0
1.430065e+01
1.552889e+01
1.354338e+01
1.338109e+01
0
1.363633e+01
0
1.268150e+01
0
1.392856e+01
1.407742e+01
1.405184e+01
1.348104e+01
1.519461e+01
1.402372e+01
1.619710e+01
1.390424e+01
1.504450e+01
0
1.404147e+01
1.373816e+01
0
1.501832e+01
0
1.388537e+01
1.355951e+01
0
1.336768e+01
0
0
1.584756e+01
1.374961e+01
1.448143e+01
1.421306e+01
1.259612e+01
1.285758e+01
1.345521e+01
1.431552e+01
1.411328e+01
1.360955e+01
0
1.361531e+01
1.372289e+01
0
1.428396e+01
1.396530e+01
1.436265e+01
1.627174e+01
1.380230e+01
1.319604e+01
1.282162e+01
0
1.343575e+01
0
1.388537e+01
0
1.416707e+01
0
1.376666e+01
1.329576e+01
1.462590e+01
1.329907e+01
0
1.315796e+01
1.371530e+01
1.442295e+01
1.332199e+01
1.356497e+01
0
0
1.518163e+01
1.505594e+01
1.413422e+01
1.414183e+01
0
0
0
0
1.193604e+01
1.380230e+01
1.296425e+01
1.556556e+01
0
0
1.307534e+01
0
1.479080e+01
1.400112e+01
1.348722e+01
0
1.368700e+01
1.438455e+01
0
1.419162e+01
1.521075e+01
1.393779e+01
1.295256e+01
0
1.293701e+01
1.369492e+01
1.390675e+01
1.300394e+01
1.430346e+01
1.348722e+01
1.380676e+01
0
1.339790e+01
0
1.584476e+01
1.489420e+01
1.318549e+01
1.502039e+01
1.493343e+01
1.450647e+01
1.462659e+01
1.524148e+01
1.377920e+01
0
1.453654e+01
1.447011e+01
1.688291e+01
1.286728e+01
0
1.135584e+01
1.415217e+01
0
1.431314e+01
1.309714e+01
1.495827e+01
1.379728e+01
1.578671e+01
1.364194e+01
1.406413e+01
1.323085e+01
1.328122e+01
1.475861e+01
0
0
1.430192e+01
0
1.432653e+01
0
1.308463e+01
1.351514e+01
1.364864e+01
0
1.473606e+01
1.347934e+01
1.401194e+01
1.441917e+01
1.357165e+01
1.317109e+01
1.442652e+01
1.469564e+01
0
1.395594e+01
0
1.254429e+01
1.573902e+01
0
1.438109e+01
0
1.354823e+01
0
0
1.423972e+01
1.521521e+01
0
1.350497e+01
1.565734e+01
0
1.488225e+01
0
1.347847e+01
1.422639e+01
1.385031e+01
0
1.366724e+01
0
1.356659e+01
0
1.400438e+01
1.293464e+01
0
0
1.399405e+01
0
0
1.476970e+01
1.435404e+01
0
1.423826e+01
1.326093e+01
0
1.371772e+01
1.383546e+01
1.362874e+01
1.414823e+01
1.427261e+01
0
1.397700e+01
0
1.489851e+01
1.555059e+01
1.367262e+01
1.334161e+01
1.047315e+01
0
1.437284e+01
0
1.362358e+01
1.377177e+01
1.368777e+01
1.350034e+01
1.574924e+01
1.408832e+01
1.349926e+01
1.385381e+01
1.371694e+01
0
1.420597e+01
0
0
0
0
0
1.476001e+01
1.606486e+01
0
0
1.481646e+01
1.320659e+01
1.305262e+01
0
1.310341e+01
1.562166e+01
1.590334e+01
1.571745e+01
1.581260e+01
1.504244e+01
0
0
1.664361e+01
1.310675e+01
0
1.347096e+01
1.436855e+01
0
1.600593e+01
0
1.523409e+01
0
1.320794e+01
0
1.332334e+01
1.400510e+01
0
1.413746e+01
1.591429e+01
1.384984e+01
1.368523e+01
0
1.385331e+01
0
1.343647e+01
1.575165e+01
1.286844e+01
0
1.349522e+01
1.285463e+01
0
1.316569e+01
1.349967e+01
0
1.360945e+01
1.333638e+01
0
1.444532e+01
1.360838e+01
1.448293e+01
0
0
1.435459e+01
1.361781e+01
1.332025e+01
1.309594e+01
0
1.342990e+01
0
0
1.319526e+01
0
1.367205e+01
0
1.354644e+01
1.559042e+01
0
0
1.450464e+01
1.502358e+01
1.454525e+01
0
0
0
0
0
0
1.440553e+01
1.394819e+01
1.460900e+01
0
0
1.592620e+01
1.469957e+01
1.434763e+01
1.620847e+01
0
1.508545e+01
1.323417e+01
1.360728e+01
0
1.365319e+01
1.259642e+01
0
1.315772e+01
1.270363e+01
1.398661e+01
1.329644e+01
0
1.322510e+01
1.377212e+01
1.323923e+01
1.326264e+01
1.405877e+01
1.399928e+01
1.367287e+01
0
0
1.276933e+01
1.340164e+01
1.489412e+01
1.494189e+01
0
1.389335e+01
1.283355e+01
1.430526e+01
1.379079e+01
1.597027e+01
0
0
0
0
1.339945e+01
1.458887e+01
1.492236e+01
1.450200e+01
0
0
1.422282e+01
1.472350e+01
1.451932e+01
1.397802e+01
1.314834e+01
1.311033e+01
1.369504e+01
1.349189e+01
0
0
0
1.504930e+01
1.302748e+01
0
0
0
1.428190e+01
1.403950e+01
1.330416e+01
1.305612e+01
1.319280e+01
1.334981e+01
2.931550e+01
1.431501e+01
1.412421e+01
1.434607e+01
1.504565e+01
1.503180e+01
1.678192e+01
1.721165e+01
1.452940e+01
1.391969e+01
1.360260e+01
1.516789e+01
1.377181e+01
1.398848e+01
1.289184e+01
0
1.301923e+01
1.389341e+01
1.338699e+01
1.348722e+01
1.381260e+01
0
1.473149e+01
0
1.505028e+01
1.281286e+01
0
1.420244e+01
1.378989e+01
0
1.316875e+01
0
1.401903e+01
0
1.282705e+01
0
0
1.424634e+01
1.494575e+01
1.334258e+01
1.360730e+01
1.476520e+01
1.512338e+01
0
1.348985e+01
1.361777e+01
1.288673e+01
1.395761e+01
1.509963e+01
1.331439e+01
1.246445e+01
1.379215e+01
1.411151e+01
1.296135e+01
1.366111e+01
1.365319e+01
1.619710e+01
1.405891e+01
1.566403e+01
0
0
1.579709e+01
1.312246e+01
0
1.428664e+01
1.371520e+01
0
1.346789e+01
1.347474e+01
1.322315e+01
1.405184e+01
0
0
0
0
1.473657e+01
1.365414e+01
1.380044e+01
1.370674e+01
0
0
1.491892e+01
1.371360e+01
1.350168e+01
1.371874e+01
1.408479e+01
0
0
1.422386e+01
1.344298e+01
1.357346e+01
0
0
1.311409e+01
0
1.386187e+01
1.537248e+01
1.483159e+01
1.352071e+01
0
0
1.399455e+01
1.410753e+01
1.525143e+01
1.500981e+01
0
1.462196e+01
1.420840e+01
1.319473e+01
0
1.413988e+01
0
1.502162e+01
0
0
1.468225e+01
1.475002e+01
1.396144e+01
1.318816e+01
0
1.294482e+01
1.411806e+01
1.371458e+01
1.470627e+01
0
1.425345e+01
0
1.362206e+01
1.377190e+01
1.383323e+01
1.412629e+01
1.478812e+01
1.367864e+01
1.490004e+01
1.314134e+01
1.334859e+01
0
1.431896e+01
0
0
1.384745e+01
1.394959e+01
0
1.349054e+01
1.254020e+01
1.620847e+01
1.471419e+01
1.395915e+01
1.576493e+01
0
0
1.480445e+01
1.381347e+01
1.358979e+01
1.505226e+01
0
0
1.412830e+01
1.591633e+01
1.340597e+01
1.478557e+01
1.313708e+01
0
1.481726e+01
1.432814e+01
1.489566e+01
1.431143e+01
0
0
0
0
1.380984e+01
1.402682e+01
1.405161e+01
1.562223e+01
0
1.503380e+01
1.446692e+01
1.516964e+01
1.336708e+01
1.473994e+01
1.451786e+01
1.436525e+01
0
0
1.283504e+01
0
1.372472e+01
1.489407e+01
1.430237e+01
1.422118e+01
1.758242e+01
0
1.457945e+01
1.326841e+01
1.404450e+01
1.434347e+01
1.285632e+01
0
1.594676e+01
1.367859e+01
1.318614e+01
1.326470e+01
1.310908e+01
1.487156e+01
0
1.478007e+01
1.717781e+01
1.347080e+01
1.372700e+01
1.398980e+01
1.327862e+01
1.584176e+01
1.294899e+01
1.677575e+01
1.666784e+01
1.459630e+01
1.497908e+01
1.267775e+01
1.352303e+01
0
0
1.481270e+01
1.462984e+01
0
1.322574e+01
1.427708e+01
1.278998e+01
0
1.373251e+01
1.386461e+01
1.256265e+01
1.334160e+01
1.366614e+01
1.497316e+01
1.589647e+01
0
1.381057e+01
1.355031e+01
0
0
1.370240e+01
1.533766e+01
1.410678e+01
1.319613e+01
1.331284e+01
1.293777e+01
1.592516e+01
1.526372e+01
1.350414e+01
1.363375e+01
1.488091e+01
0
1.294571e+01
1.399745e+01
1.363324e+01
1.367676e+01
0
1.464892e+01
1.437505e+01
0
1.299875e+01
1.614934e+01
0
0
1.353459e+01
1.315621e+01
1.408557e+01
1.455426e+01
0
1.500180e+01
1.420893e+01
1.299775e+01
1.362866e+01
1.410936e+01
1.527876e+01
0
1.304848e+01
1.364864e+01
1.424752e+01
1.396483e+01
1.512103e+01
1.379392e+01
1.445980e+01
0
1.348722e+01
0
0
1.372035e+01
1.341663e+01
1.403810e+01
1.378565e+01
1.266458e+01
1.435372e+01
1.351282e+01
1.382357e+01
0
2.931550e+01
0
0
1.352011e+01
1.392818e+01
1.398715e+01
0
0
0
1.338787e+01
0
1.481018e+01
0
1.459546e+01
1.451404e+01
1.425420e+01
0
1.374838e+01
1.335058e+01
1.448469e+01
1.433918e+01
1.501069e+01
1.248626e+01
1.344914e+01
1.331449e+01
0
1.393872e+01
1.386571e+01
1.442552e+01
0
1.325135e+01
1.371711e+01
1.357064e+01
1.396045e+01
1.416187e+01
0
1.374706e+01
0
1.306799e+01
1.300210e+01
0
0
1.522911e+01
0
1.380053e+01
1.291540e+01
1.281063e+01
0
1.337510e+01
1.387747e+01
1.531773e+01
1.368728e+01
1.379225e+01
1.236181e+01
1.380230e+01
0
0
1.372830e+01
0
1.581406e+01
1.388537e+01
1.375673e+01
1.280494e+01
1.366169e+01
1.407389e+01
1.322426e+01
1.295635e+01
1.398585e+01
1.448272e+01
0
1.387472e+01
1.476632e+01
1.393443e+01
1.363355e+01
0
1.267272e+01
0
1.369214e+01
0
0
0
0
1.420836e+01
1.332607e+01
1.362349e+01
0
0
1.411422e+01
1.291085e+01
1.513766e+01
1.367210e+01
1.301116e+01
1.505225e+01
1.427922e+01
0
1.310703e+01
0
1.320274e+01
1.379983e+01
0
1.409354e+01
1.252152e+01
1.413436e+01
1.439645e+01
0
1.471906e+01
1.312975e+01
0
1.449312e+01
1.471794e+01
1.412705e+01
1.453600e+01
0
1.385500e+01
1.314337e+01
1.579637e+01
1.375356e+01
1.417149e+01
0
1.300399e+01
1.352247e+01
1.576321e+01
1.340237e+01
1.393313e+01
1.637243e+01
1.377560e+01
0
0
1.641487e+01
1.471967e+01
1.349075e+01
1.361001e+01
1.396369e+01
0
1.336066e+01
1.292561e+01
0
0
1.391647e+01
1.425416e+01
1.437921e+01
1.587746e+01
1.355465e+01
1.413302e+01
1.361128e+01
1.436031e+01
1.330549e+01
1.479362e+01
0
1.372018e+01
0
1.377731e+01
1.480802e+01
1.619710e+01
1.345261e+01
0
1.422733e+01
1.437928e+01
1.661718e+01
1.310122e+01
1.441930e+01
0
1.412187e+01
1.304936e+01
0
0
1.330057e+01
1.619710e+01
0
1.452015e+01
1.304989e+01
1.364288e+01
1.321483e+01
1.338974e+01
1.461841e+01
1.311982e+01
0
1.444612e+01
1.387089e+01
1.598204e+01
1.376630e+01
1.374320e+01
1.442472e+01
0
0
0
0
0
0
0
1.321075e+01
0
0
0
0
0
0
0
0
0
0
0
0
0
0
0
0
0
0
0
0
0
1.274360e+01
0
0
0
1.326088e+01
0
0
0
0
0
0
0
0
0
0
0
1.180848e+01
0
0
0
0
0
0
0
0
0
0
0
0
0
0
0
0
0
0
0
0
0
0
0
0
0
0
0
0
0
1.324592e+01
0
0
0
0
0
0
0
0
0
0
0
0
0
0
0
0
0
0
0
0
0
0
1.308207e+01
0
0
0
0
0
0
0
0
0
0
0
0
0
0
0
0
8.304571e+00
0
0
1.335740e+01
0
0
0
0
0
0
1.325425e+01
0
0
0
0
0
0
0
0
0
0
0
0
0
1.307684e+01
0
0
1.379840e+01
0
0
0
0
0
0
0
0
0
0
0
0
0
0
0
0
0
0
0
0
0
0
0
0
0
0
0
0
0
0
0
0
0
0
0
0
0
0
0
0
0
0
0
0
0
0
0
1.355640e+01
1.323474e+01
0
0
0
0
0
0
0
0
0
0
0
0
0
0
0
0
0
0
0
0
0
0
0
0
0
1.392014e+01
0
0
0
0
0
0
0
0
0
0
0
0
0
0
0
0
0
0
0
0
0
0
0
0
0
0
0
0
0
0
0
0
0
0
0
0
0
0
0
0
0
0
0
0
0
0
0
0
0
0
0
0
0
0
0
0
0
0
0
0
0
0
0
0
0
0
0
0
0
0
0
0
0
0
0
0
0
0
0
0
0
0
0
0
0
0
0
0
0
0
0
0
0
0
0
0
0
0
1.314103e+01
0
0
0
0
0
0
0
1.228454e+01
0
0
0
1.376014e+01
0
0
0
0
0
0
0
0
0
0
0
0
0
0
0
0
0
0
0
1.200676e+01
0
0
1.328332e+01
0
0
0
0
0
0
0
0
0
0
0
0
0
0
0
0
0
0
0
0
0
0
0
0
0
0
0
0
0
0
0
0
0
0
0
0
0
1.304928e+01
0
0
0
0
0
0
0
1.338871e+01
0
0
0
0
0
0
0
0
0
0
0
0
0
0
0
0
0
0
0
0
0
0
0
0
0
0
0
0
0
0
0
0
0
0
0
0
0
0
0
0
0
0
0
0
0
0
0
0
0
0
0
0
0
0
0
0
0
0
0
0
0
1.192712e+01
0
0
0
0
0
0
0
0
1.225547e+01
0
0
0
0
0
0
0
0
0
0
0
0
0
0
0
0
0
0
0
0
0
0
0
0
0
0
0
0
0
0
0
0
0
0
0
0
0
0
0
1.305458e+01
0
0
0
1.311463e+01
0
0
0
0
0
0
1.261898e+01
0
0
0
0
0
0
0
0
0
0
0
0
0
0
0
0
0
0
0
0
0
0
1.356927e+01
0
0
1.296870e+01
0
0
0
0
0
0
0
0
0
8.989563e+00
0
0
0
0
0
0
0
0
0
0
0
0
0
0
0
0
0
0
0
0
0
0
0
0
1.325022e+01
0
0
0
0
0
0
1.189074e+01
0
0
0
0
0
0
0
0
0
0
0
0
0
0
0
0
0
0
0
0
0
0
0
0
0
0
0
0
0
1.301898e+01
0
0
0
0
0
0
0
0
0
0
0
0
0
0
0
0
0
0
0
0
0
0
0
0
0
0
0
0
0
0
0
0
0
0
0
0
0
0
0
0
0
0
0
0
0
0
0
0
0
0
0
0
0
0
0
0
0
0
0
0
0
0
0
0
0
0
0
0
0
0
0
0
0
0
0
0
0
0
0
0
0
0
0
0
0
0
0
0
0
0
0
0
0
0
0
0
0
0
0
0
0
1.239682e+01
0
0
0
1.238889e+01
0
0
0
0
0
0
0
0
0
0
0
0
0
0
0
0
0
0
0
0
0
0
0
0
0
1.269040e+01
0
0
0
0
0
0
0
0
0
0
0
0
0
0
0
0
0
0
0
0
0
0
0
0
0
0
0
0
0
0
0
0
0
0
0
0
0
0
0
0
0
0
1.278357e+01
0
0
0
0
0
0
0
0
0
0
0
0
0
0
0
0
0
0
0
0
0
0
0
0
0
0
0
0
0
0
0
0
0
0
0
0
0
0
0
0
0
0
0
0
0
0
0
0
0
0
0
0
0
0
0
0
0
1.351892e+01
0
0
0
0
0
0
0
0
0
0
1.307150e+01
0
0
0
0
0
0
0
0
0
0
0
0
0
0
0
0
0
0
0
0
0
0
0
0
0
0
1.359842e+01
0
0
0
0
0
0
0
0
0
0
0
0
0
0
0
0
0
0
0
0
0
0
0
0
0
0
0
0
0
0
0
0
0
0
0
0
0
0
0
0
0
0
0
0
1.276346e+01
0
0
0
0
0
0
0
0
0
0
0
0
0
0
1.308905e+01
0
0
0
0
0
0
0
0
0
0
0
0
0
0
0
0
0
0
0
0
0
0
0
0
0
0
0
0
0
0
0
0
0
0
0
1.271774e+01
0
0
1.340038e+01
0
0
0
0
0
0
0
0
0
0
0
0
0
0
0
0
0
0
0
1.267567e+01
0
0
0
0
0
0
1.343764e+01
0
0
0
0
0
0
0
0
0
0
0
0
0
0
1.050058e+01
0
0
0
0
0
1.314046e+01
1.334283e+01
1.366554e+01
0
0
0
0
0
0
0
0
0
0
0
0
0
0
0
0
0
0
0
0
0
0
0
0
0
0
0
1.290330e+01
0
0
0
0
0
0
0
0
0
0
0
0
0
0
0
0
0
0
0
0
0
0
0
0
0
0
0
0
0
0
0
0
0
1.240511e+01
1.294134e+01
0
0
0
0
0
0
0
0
0
0
0
0
0
0
0
1.311996e+01
0
0
0
0
0
0
0
0
0
0
0
0
0
0
0
0
0
0
0
0
0
0
0
0
1.240655e+01
0
0
0
0
0
1.325341e+01
0
0
0
0
0
0
0
9.526862e+00
0
0
0
0
1.339292e+01
0
0
0
0
0
0
0
0
0
0
0
0
0
0
0
0
0
0
0
0
0
0
0
1.309319e+01
0
0
0
0
0
0
0
0
0
0
0
0
0
0
0
0
0
0
0
0
0
1.254421e+01
0
0
0
0
0
0
0
0
0
0
0
0
0
0
0
0
0
0
0
1.279140e+01
0
0
0
1.341954e+01
0
0
0
0
0
0
0
0
0
0
0
0
0
0
0
0
1.388630e+01
0
0
0
0
0
0
0
0
9.665777e+00
0
0
0
0
0
0
1.287534e+01
0
0
0
0
0
0
0
0
0
0
0
0
0
0
0
0
1.286469e+01
0
0
1.331743e+01
0
0
0
0
0
0
0
0
1.328349e+01
0
0
0
0
0
0
0
0
0
0
0
0
0
0
0
0
0
0
0
0
0
0
0
0
0
0
0
0
0
0
0
1.274942e+01
0
0
0
0
0
0
1.214702e+01
0
0
0
0
0
0
0
9.330944e+00
0
0
0
0
0
0
0
0
0
0
0
0
0
0
0
0
1.348132e+01
0
0
0
0
0
0
0
0
0
0
0
0
0
0
0
0
0
0
0
0
0
0
0
0
0
0
0
0
0
0
0
0
0
0
0
0
0
0
0
0
0
0
0
0
0
0
0
0
0
0
0
0
0
0
0
0
0
0
0
0
0
0
0
0
0
0
0
0
0
0
0
0
1.033243e+01
0
0
0
0
0
0
0
0
0
0
0
0
0
0
0
0
0
0
0
0
0
0
0
0
0
0
0
0
0
0
0
0
0
0
0
0
0
0
0
0
0
0
0
0
0
0
1.320118e+01
0
0
0
0
0
0
0
0
0
0
0
0
0
0
0
0
0
0
0
0
0
0
0
0
0
0
0
0
0
0
0
0
0
0
0
0
0
0
0
0
0
0
0
0
0
1.253504e+01
0
0
0
0
0
0
9.847342e+00
0
9.360704e+00
0
0
0
0
0
0
0
0
0
0
0
1.399037e+01
0
0
0
0
0
0
0
0
0
0
0
1.344405e+01
0
0
0
0
0
0
0
0
0
0
0
0
0
0
0
0
0
0
0
0
0
0
0
0
0
0
0
0
0
0
0
0
0
0
0
0
0
0
0
1.020408e+01
0
0
0
0
0
0
1.278063e+01
0
0
0
0
0
0
0
0
0
0
0
0
0
0
1.274287e+01
0
0
0
0
0
0
0
0
0
0
0
0
0
0
0
0
0
0
0
1.380002e+01
0
0
0
0
0
0
0
0
0
0
0
0
0
0
0
0
0
0
0
0
0
1.321545e+01
0
0
0
0
0
0
0
0
0
0
0
0
0
0
0
0
0
0
0
0
0
0
0
0
0
0
0
0
0
0
1.276539e+01
0
0
0
0
0
0
0
0
0
0
0
0
0
0
0
0
0
0
0
0
1.376760e+01
0
0
1.348389e+01
1.269682e+01
0
0
0
0
0
0
0
0
0
0
0
0
0
0
0
0
0
0
0
0
0
1.288892e+01
0
0
0
0
0
0
0
0
0
0
0
0
0
0
0
0
0
0
0
0
0
0
0
0
0
0
0
0
0
0
0
0
0
0
0
0
0
0
0
0
0
0
0
0
0
0
0
0
0
0
0
0
0
0
0
0
0
0
0
0
0
0
0
0
0
0
0
0
0
0
0
0
0
0
0
0
0
1.271799e+01
0
1.320768e+01
0
0
1.269643e+01
0
0
0
0
0
0
0
0
0
1.302968e+01
0
0
0
0
0
0
0
0
0
0
0
0
0
0
0
0
0
0
0
0
0
0
1.398010e+01
0
0
0
0
0
0
0
0
0
0
0
0
0
0
0
0
0
0
1.324451e+01
0
0
0
0
0
0
0
0
0
0
0
1.312432e+01
1.233519e+01
0
0
0
0
0
0
0
0
0
0
0
0
0
0
0
0
0
0
0
0
1.359121e+01
1.279172e+01
0
0
0
0
0
0
0
0
0
0
0
0
0
0
0
0
0
0
0
0
0
0
0
0
0
0
0
0
0
0
0
0
0
0
0
0
0
0
0
0
0
0
0
0
0
0
0
1.300353e+01
0
0
1.328087e+01
0
0
0
0
1.259837e+01
0
0
0
0
0
0
0
1.335260e+01
0
0
0
0
0
0
0
0
0
0
0
0
0
1.318508e+01
0
0
0
0
0
0
0
0
0
0
0
0
0
0
0
0
0
0
0
0
0
0
0
0
0
0
0
0
0
0
0
0
0
0
0
0
0
1.300141e+01
0
0
0
0
0
0
0
0
0
0
0
0
0
0
0
0
0
0
0
0
0
0
0
0
0
0
0
0
0
0
0
0
0
0
0
0
0
0
0
1.392783e+01
1.315030e+01
0
0
0
0
0
0
0
0
0
0
0
0
0
0
0
0
0
0
0
0
0
0
0
0
0
0
0
0
0
0
0
0
0
0
0
0
0
0
0
0
0
0
0
0
0
0
0
0
0
1.295083e+01
0
0
0
0
0
0
0
0
0
0
0
0
0
0
0
0
0
0
0
0
0
0
1.270051e+01
0
0
0
0
0
0
0
0
0
0
0
0
0
0
0
0
0
0
0
0
0
0
1.220318e+01
0
0
0
0
0
0
0
0
0
0
0
0
0
0
0
0
0
0
0
0
0
0
8.836610e+00
0
0
0
0
0
0
9.546174e+00
0
0
0
0
0
0
0
0
0
0
0
0
0
0
0
0
0
0
1.329163e+01
0
0
0
0
0
0
0
0
0
0
0
0
0
0
0
0
0
0
0
0
0
0
0
0
0
0
0
0
0
0
0
0
0
0
0
0
0
1.299543e+01
0
0
0
0
0
0
0
0
0
0
0
0
0
0
0
0
0
0
0
0
0
0
0
0
0
0
0
0
0
0
0
0
0
0
0
0
0
0
0
0
0
0
1.340338e+01
0
0
0
0
0
0
0
0
0
0
0
0
0
0
0
0
0
0
0
0
0
0
0
0
0
0
0
0
0
0
0
0
1.226078e+01
0
1.312191e+01
0
0
0
0
0
0
0
0
0
0
0
0
0
0
0
0
0
0
0
0
0
0
0
1.312236e+01
1.361461e+01
0
0
0
0
0
0
0
0
0
0
0
0
0
0
0
0
0
0
0
0
0
0
0
0
0
0
0
0
0
0
0
0
0
0
1.287634e+01
0
0
0
0
0
0
1.339750e+01
0
0
0
0
0
0
0
0
0
0
0
1.386757e+01
0
0
0
0
0
0
0
0
0
0
0
0
0
0
0
0
0
0
0
0
0
0
0
0
0
0
0
0
0
0
0
0
0
0
0
0
0
1.351603e+01
0
0
0
0
0
0
0
1.225102e+01
0
0
0
0
0
0
0
0
0
0
0
0
0
0
0
0
0
0
0
0
0
0
0
0
0
0
0
0
0
0
0
0
0
0
0
0
0
0
0
0
0
0
0
0
0
0
1.346544e+01
0
0
0
0
0
0
0
0
0
0
0
0
0
0
0
0
0
0
0
0
0
0
0
0
0
0
0
0
0
0
0
0
0
0
0
0
0
0
0
0
0
0
0
0
1.343648e+01
0
0
0
0
0
0
0
0
0
0
0
0
0
0
0
0
0
0
0
0
0
0
0
0
0
0
0
0
0
0
0
0
0
0
0
0
0
1.320877e+01
0
0
0
0
0
0
0
0
0
0
0
0
0
0
0
0
0
0
0
0
0
0
0
0
0
1.356057e+01
0
0
1.263952e+01
0
0
1.361681e+01
0
0
0
0
1.426355e+01
0
0
0
0
0
0
0
0
0
0
1.283766e+01
0
0
0
0
0
0
0
0
0
0
0
0
0
0
0
0
0
0
0
0
0
0
0
0
0
0
0
0
0
0
0
0
0
0
0
0
0
0
0
0
0
0
0
0
0
0
0
1.272968e+01
0
0
0
0
0
0
0
0
0
0
0
0
0
0
0
0
0
0
0
0
0
0
0
0
0
0
0
1.343342e+01
0
0
0
0
0
0
0
0
0
0
0
0
0
0
0
0
0
0
0
0
0
0
0
0
0
0
0
0
0
0
0
0
0
0
0
0
0
0
0
1.296545e+01
0
0
0
0
0
0
0
0
0
0
0
0
0
0
1.301731e+01
0
0
0
0
0
0
0
0
0
1.268549e+01
1.274077e+01
0
0
0
0
0
0
0
0
0
0
0
0
0
0
0
0
0
0
0
0
0
0
0
0
0
0
0
0
0
0
0
0
0
0
0
0
0
0
0
0
0
1.335946e+01
0
0
0
0
1.357076e+01
0
0
0
0
0
0
0
0
0
0
0
0
0
0
0
1.181321e+01
0
0
0
0
0
0
0
0
0
0
0
0
0
0
0
0
0
0
0
0
0
0
0
0
0
0
0
0
0
0
0
0
0
0
0
0
0
0
0
0
0
